Yunkai  (5782,4794)  (5734,4841)  (5734,4793)  (5829,4842)  (5782,4746)  (5830,4746)  (5830,4794)  (5732,4745)  (5781,4889)  (5733,4889)  (5686,4841)  (5686,4793)  (5877,4842)  (5877,4890)  (5829,4890)  (5685,4890)  (5780,4698)  (5878,4715)  (5878,4763)  (5684,4745)  (5684,4697)  (5732,4697)  (5925,4838)  (5925,4886)  (5869,4938)  (5926,4737)  (5636,4788)  (5636,4740)
The Gift  (1512,786)  (1464,833)  (1464,785)  (1560,769)  (1560,817)  (1416,834)  (1416,786)  (1608,769)  (1608,817)  (1368,786)  (1656,768)  (1656,816)  (1320,792)  (1704,768)  (1704,816)  (1752,815)
The Barrowlands  (623,1724)  (575,1771)  (575,1723)  (670,1772)  (623,1676)  (671,1676)  (671,1724)  (573,1675)  (622,1819)  (574,1819)  (527,1771)  (527,1723)  (718,1772)  (718,1820)  (670,1820)  (526,1820)  (621,1628)  (669,1628)  (525,1675)  (525,1627)  (573,1627)  (717,1610)  (479,1772)  (479,1724)  (766,1752)  (766,1800)  (766,1848)  (718,1868)  (670,1868)  (477,1676)  (784,1896)  (431,1757)
Longbow Rapids Sea Zone  (2450,2829)  (2402,2876)  (2402,2828)  (2497,2877)  (2450,2781)  (2498,2781)  (2498,2829)  (2400,2780)  (2449,2924)  (2401,2924)  (2354,2876)  (2354,2828)  (2545,2877)  (2545,2925)  (2497,2925)  (2353,2925)  (2448,2733)  (2496,2733)  (2544,2733)  (2546,2781)  (2546,2829)  (2352,2780)  (2352,2732)  (2400,2732)  (2592,2711)  (2306,2877)  (2306,2829)  (2593,2877)  (2593,2925)  (2593,2973)  (2305,2956)  (2448,2685)  (2594,2759)  (2594,2807)  (2304,2781)  (2304,2733)  (2304,2685)  (2352,2684)  (2400,2684)  (2258,2908)  (2258,2860)  (2641,2855)  (2641,2903)  (2641,2951)  (2642,2719)  (2642,2767)  (2256,2686)  (2210,2907)  (2689,2834)  (2689,2882)  (2162,2911)
Vaes Leqse  (5956,3339)  (5908,3386)  (5908,3338)  (6003,3387)  (5956,3291)  (6004,3291)  (6004,3339)  (5906,3290)  (5955,3434)  (5907,3434)  (5860,3386)  (5860,3338)  (6051,3387)  (5859,3435)  (5954,3243)  (6002,3243)  (6050,3243)  (6052,3291)  (6052,3339)  (5858,3290)  (5858,3242)  (5906,3242)  (6098,3197)  (5929,3482)  (5812,3387)  (5812,3339)  (5881,3483)  (5833,3483)  (5811,3435)  (5954,3195)  (6002,3195)  (6050,3195)  (6100,3245)  (6100,3293)  (6100,3341)  (5785,3500)  (6146,3153)  (5764,3387)  (5868,3531)  (5763,3452)  (5960,3147)  (6008,3147)  (6056,3147)  (6148,3201)  (6148,3249)  (6148,3297)  (5820,3548)  (5716,3404)  (6196,3154)  (6196,3202)  (5668,3419)
Red Lake  (596,3959)  (548,3977)  (548,3929)  (643,4007)  (596,3911)  (644,3911)  (644,3959)  (595,4025)  (500,3955)  (692,3913)
Naath  (4301,6857)  (4304,6905)  (4255,6936)  (4206,6961)  (4277,6809)  (4325,6806)  (4374,6798)  (4373,6846)
Ghoyan Drohe  (3069,3577)  (3021,3618)  (3021,3570)  (3112,3625)  (3069,3529)  (3117,3529)  (3117,3577)  (3013,3522)  (3165,3541)
New Ibbish  (6859,2591)  (6811,2638)  (6811,2590)  (6906,2639)  (6859,2543)  (6907,2543)  (6907,2591)  (6809,2542)  (6858,2686)  (6810,2686)  (6763,2638)  (6763,2590)  (6954,2639)  (6954,2687)  (6906,2687)  (6762,2687)  (6857,2495)  (6905,2495)  (6953,2495)  (6955,2543)  (6955,2591)  (6761,2542)  (6789,2494)  (7001,2450)  (6858,2734)  (6810,2734)  (6715,2639)  (6715,2591)  (6995,2735)  (6947,2735)  (6762,2735)  (6714,2735)  (6714,2687)  (6837,2447)  (6885,2447)  (6933,2447)  (7003,2498)  (7003,2546)  (7003,2594)  (7049,2434)  (6899,2782)  (6851,2782)  (6667,2639)  (6667,2591)  (6978,2783)  (6771,2783)  (6666,2729)  (6843,2399)  (6891,2399)  (7051,2482)  (7097,2431)
North Sunset Sea Zone  (158,1438)  (110,1485)  (110,1437)  (205,1486)  (158,1390)  (206,1390)  (206,1438)  (108,1389)  (157,1533)  (109,1533)  (62,1485)  (62,1437)  (253,1486)  (253,1534)  (205,1534)  (61,1534)  (156,1342)  (204,1342)  (252,1342)  (254,1390)  (254,1438)  (60,1389)  (60,1341)  (108,1341)  (300,1296)  (157,1581)  (109,1581)  (14,1486)  (14,1438)  (301,1486)  (301,1534)  (301,1582)  (61,1582)  (13,1582)  (13,1534)  (156,1294)  (204,1294)  (252,1294)  (302,1344)  (302,1392)  (12,1390)  (12,1342)  (12,1294)  (60,1293)  (108,1293)  (300,1248)  (348,1252)  (167,1629)  (119,1629)  (349,1440)  (349,1541)  (349,1589)
Yalli Qamayi  (6065,3574)  (6017,3621)  (6017,3573)  (6112,3622)  (6065,3526)  (6113,3526)  (6113,3574)  (6015,3525)  (6061,3669)  (6013,3669)  (5969,3621)  (5969,3573)  (6160,3622)  (6063,3478)  (6111,3478)  (6159,3478)  (6161,3526)  (6161,3574)  (5965,3673)  (6207,3432)  (5921,3625)  (5921,3577)  (6127,3430)  (6209,3480)  (6209,3528)  (6209,3576)  (5977,3721)  (5929,3721)  (5917,3673)  (5881,3757)  (6177,3384)  (6225,3384)  (6255,3432)  (5873,3625)  (6257,3480)  (6257,3528)  (6257,3576)  (5930,3769)  (5869,3709)  (5833,3788)  (6305,3461)  (6305,3509)  (6305,3557)  (5821,3740)  (6353,3512)
Kingsgrave  (1024,4591)
Golden Grove  (820,3947)  (772,3994)  (772,3946)  (844,3995)  (820,3899)  (868,3901)  (770,3898)  (892,3949)
Stoney Sept  (1113,3495)  (1065,3542)  (1065,3494)  (1158,3543)  (1123,3447)  (1161,3495)  (1171,3437)  (1017,3544)  (1017,3496)  (1209,3485)  (1209,3533)  (969,3518)  (1257,3495)  (960,3470)
Southwest Summer Sea Zone  (1396,6660)  (1348,6707)  (1348,6659)  (1443,6708)  (1396,6612)  (1444,6612)  (1444,6660)  (1346,6611)  (1395,6755)  (1347,6755)  (1300,6707)  (1300,6659)  (1491,6708)  (1491,6756)  (1443,6756)  (1299,6756)  (1394,6564)  (1442,6564)  (1490,6564)  (1492,6612)  (1492,6660)  (1298,6611)  (1298,6563)  (1346,6563)  (1538,6518)  (1395,6803)  (1347,6803)  (1252,6708)  (1252,6660)  (1539,6708)  (1539,6756)  (1539,6804)  (1491,6804)  (1443,6804)  (1299,6804)  (1251,6804)  (1251,6756)  (1394,6516)  (1442,6516)  (1490,6516)  (1540,6566)  (1540,6614)  (1250,6612)  (1250,6564)  (1250,6516)  (1298,6515)  (1346,6515)  (1538,6470)  (1586,6470)  (1586,6518)  (1395,6851)  (1347,6851)  (1204,6708)  (1204,6660)
Eastern Dothraki Sea  (6340,3865)  (6292,3912)  (6292,3864)  (6387,3913)  (6340,3817)  (6388,3817)  (6388,3865)  (6290,3816)  (6339,3960)  (6291,3960)  (6244,3912)  (6244,3864)  (6435,3913)  (6435,3961)  (6387,3961)  (6243,3961)  (6338,3769)  (6386,3769)  (6434,3769)  (6436,3817)  (6436,3865)  (6242,3816)  (6242,3768)  (6290,3768)  (6482,3723)  (6339,4008)  (6291,4008)  (6196,3913)  (6196,3865)  (6483,3913)  (6483,3961)  (6483,4009)  (6435,4009)  (6387,4009)  (6243,4009)  (6195,4009)  (6195,3961)  (6338,3721)  (6386,3721)  (6434,3721)  (6484,3771)  (6484,3819)  (6194,3817)  (6194,3769)  (6194,3721)  (6242,3720)  (6290,3720)  (6482,3675)  (6530,3675)  (6530,3723)  (6339,4056)  (6291,4056)  (6148,3913)  (6148,3865)
Sea Dragon Point  (508,1393)  (460,1440)  (514,1441)  (491,1345)  (539,1345)  (466,1488)  (519,1489)  (492,1297)  (540,1297)  (471,1536)  (489,1249)  (455,1584)
The Shivering Sea Zone  (4162,1359)  (4114,1406)  (4114,1358)  (4209,1407)  (4162,1311)  (4210,1311)  (4210,1359)  (4112,1310)  (4161,1454)  (4113,1454)  (4066,1406)  (4066,1358)  (4257,1407)  (4257,1455)  (4209,1455)  (4065,1455)  (4160,1263)  (4208,1263)  (4256,1263)  (4258,1311)  (4258,1359)  (4064,1310)  (4064,1262)  (4112,1262)  (4304,1217)  (4161,1502)  (4113,1502)  (4018,1407)  (4018,1359)  (4305,1407)  (4305,1455)  (4305,1503)  (4257,1503)  (4209,1503)  (4065,1503)  (4017,1503)  (4017,1455)  (4160,1215)  (4208,1215)  (4256,1215)  (4306,1265)  (4306,1313)  (4016,1311)  (4016,1263)  (4016,1215)  (4064,1214)  (4112,1214)  (4304,1169)  (4352,1169)  (4352,1217)  (4161,1550)  (4113,1550)  (3970,1407)  (3970,1359)
Fist of the First Men  (1342,543)  (1294,590)  (1294,542)  (1366,591)  (1342,495)  (1390,496)  (1414,544)  (1318,638)  (1246,637)  (1246,589)  (1244,541)  (1462,530)
Tumbleton  (1337,3831)  (1289,3878)  (1289,3830)  (1384,3879)  (1385,3827)  (1287,3782)  (1336,3926)  (1241,3861)  (1432,3896)  (1384,3927)  (1239,3813)  (1259,3734)
Flint's Finger  (628,2320)  (580,2367)  (580,2319)  (675,2368)  (628,2272)  (676,2272)  (676,2320)  (578,2271)  (532,2368)  (532,2320)  (484,2341)  (703,2416)
Gogossos  (5171,6881)
Crackclaw Point  (2088,3300)  (2040,3343)  (2040,3295)  (2134,3252)  (1992,3340)  (2134,3300)  (2179,3205)
Saltpans  (1563,3196)  (1515,3177)  (1592,3248)  (1561,3148)  (1639,3277)
Blacktyde  (506,2783)
Mistwood  (1999,4372)  (1936,4365)  (2046,4393)
The Haunted Sea Zone  (1856,139)  (1808,186)  (1808,138)  (1903,187)  (1856,91)  (1904,91)  (1904,139)  (1806,90)  (1855,234)  (1807,234)  (1760,186)  (1760,138)  (1951,187)  (1951,235)  (1903,235)  (1759,235)  (1854,43)  (1902,43)  (1950,43)  (1952,91)  (1952,139)  (1758,90)  (1758,42)  (1806,42)  (1998,0)  (1855,282)  (1807,282)  (1712,187)  (1712,139)  (1999,187)  (1999,235)  (1992,283)  (1944,283)  (1759,283)  (1711,283)  (1711,235)  (2000,48)  (2000,96)  (1710,91)  (1710,43)  (2046,0)  (1896,330)  (1848,330)  (1664,187)  (1664,139)  (2047,144)  (2047,192)  (2047,240)  (1800,331)  (1752,331)  (1704,331)  (1663,283)  (1663,235)
Forest of Qohor  (4148,3393)  (4100,3440)  (4100,3392)  (4195,3441)  (4148,3345)  (4196,3345)  (4196,3393)  (4098,3344)  (4052,3468)  (4052,3420)  (4243,3441)  (4243,3489)  (4195,3489)  (4146,3297)  (4194,3297)  (4242,3297)  (4244,3345)  (4244,3393)  (4050,3372)  (4050,3324)  (4098,3296)  (4030,3276)  (4290,3251)  (4004,3490)  (4004,3442)  (4291,3441)  (4291,3489)  (4291,3537)  (4243,3537)  (4195,3537)  (4146,3249)  (4194,3249)  (4242,3249)  (4292,3299)  (4292,3347)  (4002,3394)  (4002,3346)  (4078,3248)  (3982,3298)  (3982,3250)  (4030,3228)  (4290,3203)  (4338,3203)  (4338,3251)  (3956,3499)  (3956,3451)  (4339,3395)  (4339,3443)  (4339,3491)  (4339,3539)  (4291,3585)  (4243,3585)
Maidenpool  (1689,3329)  (1641,3340)  (1593,3335)  (1737,3321)  (1785,3315)
High Hermitage  (812,4728)
Harrenhal  (1437,3273)  (1484,3321)  (1448,3225)  (1485,3273)  (1388,3242)  (1341,3320)  (1532,3321)  (1484,3369)  (1340,3369)  (1340,3417)  (1292,3417)  (1292,3369)  (1401,3464)  (1353,3465)  (1244,3422)  (1244,3374)
Khyzai Pass  (6006,4486)  (5958,4507)  (5958,4459)  (6051,4534)  (6006,4438)  (6054,4438)  (5930,4411)  (5910,4489)  (6077,4390)
Banefort  (652,3076)  (604,3103)  (604,3055)  (700,3060)  (700,3108)  (556,3099)  (556,3051)  (748,3058)  (748,3106)
Shallows of Naath Sea Zone  (4346,6450)  (4298,6497)  (4298,6449)  (4393,6498)  (4346,6402)  (4394,6402)  (4394,6450)  (4296,6401)  (4345,6545)  (4297,6545)  (4250,6497)  (4250,6449)  (4441,6498)  (4441,6546)  (4393,6546)  (4249,6546)  (4344,6354)  (4392,6354)  (4440,6354)  (4442,6402)  (4442,6450)  (4248,6401)  (4248,6353)  (4296,6353)  (4488,6308)  (4345,6593)  (4297,6593)  (4202,6498)  (4202,6450)  (4489,6498)  (4489,6546)  (4489,6594)  (4441,6594)  (4393,6594)  (4249,6594)  (4201,6594)  (4201,6546)  (4344,6306)  (4392,6306)  (4440,6306)  (4490,6356)  (4490,6404)  (4200,6402)  (4200,6354)  (4200,6306)  (4248,6305)  (4296,6305)  (4488,6260)  (4536,6260)  (4536,6308)  (4345,6641)  (4297,6641)  (4154,6498)  (4154,6450)
Tall Tree Town  (3208,6846)  (3160,6864)  (3255,6894)  (3210,6798)  (3256,6846)  (3207,6912)  (3265,6653)  (2862,6739)  (2954,6427)  (3362,7129)  (2746,6663)  (2635,6534)  (3003,6580)  (3003,6452)  (3260,6796)
Ibbish  (7195,2705)  (7147,2752)  (7147,2704)  (7242,2753)  (7195,2657)  (7243,2657)  (7243,2705)  (7145,2656)  (7194,2800)  (7146,2800)  (7099,2752)  (7099,2704)  (7290,2753)  (7290,2801)  (7242,2801)  (7098,2801)  (7193,2609)  (7241,2609)  (7289,2609)  (7291,2657)  (7291,2705)  (7097,2656)  (7097,2608)  (7145,2608)  (7194,2848)  (7146,2848)  (7268,2849)  (7098,2849)  (7050,2849)  (7193,2561)  (7241,2561)  (7049,2695)  (7086,2560)  (7134,2560)  (7206,2896)  (7182,2513)  (7176,2465)
Kayce  (314,3446)  (266,3478)  (362,3414)
Torrhen's Square  (953,1772)  (905,1819)  (905,1771)  (1000,1820)  (953,1724)  (1001,1724)  (1001,1772)  (903,1723)  (952,1867)  (1048,1820)  (1048,1868)  (1000,1868)  (951,1676)  (999,1676)  (1049,1712)  (1049,1760)  (855,1713)  (903,1675)  (845,1665)  (893,1627)  (941,1627)  (797,1701)  (797,1653)
Greywater Watch  (1101,2434)  (1149,2434)  (1052,2406)  (1052,2455)  (1101,2384)  (1148,2384)  (1002,2427)  (1100,2482)  (1148,2482)
Standfast  (1106,3739)  (1058,3786)  (1058,3738)  (1153,3787)  (1106,3691)  (1154,3691)  (1154,3739)  (1105,3834)  (1057,3834)  (1166,3835)  (1009,3835)  (1068,3643)  (1116,3643)  (1164,3643)  (1202,3691)  (1212,3633)  (1089,3882)  (1039,3883)  (991,3883)  (961,3835)  (1249,3585)  (1260,3633)  (913,3851)
The Painted Mountains  (4617,4448)
Wyl  (1367,4520)  (1319,4567)  (1386,4472)  (1434,4458)  (1338,4615)
Yeen  (5945,7020)  (5897,7067)  (5897,7019)  (5992,7068)  (5945,6972)  (5993,6972)  (5993,7020)  (5895,6971)  (5944,7115)  (5896,7115)  (5849,7067)  (5849,7019)  (6040,7068)  (6040,7116)  (5992,7116)  (5848,7116)  (5943,6924)  (5991,6924)  (6039,6924)  (6041,6972)  (6041,7020)  (5847,6971)  (5847,6923)  (5895,6923)  (6087,6878)  (5944,7163)  (5896,7163)  (5801,7068)  (5801,7020)  (6088,7068)  (6088,7116)  (6088,7164)  (5800,7119)  (5943,6876)  (5991,6876)  (6039,6876)  (6089,6926)  (6089,6974)  (5799,6972)  (5799,6924)  (5799,6876)  (5847,6875)  (5895,6875)  (6091,6830)  (6135,6878)  (5753,7071)  (5753,7023)  (6136,7022)  (6136,7070)  (6136,7118)  (6136,7166)
Vulture's Roost  (1240,4517)  (1190,4560)  (1241,4566)  (1278,4469)
Casterly Rock  (500,3468)  (452,3497)  (548,3455)  (404,3489)  (596,3456)
Whispering Sound Sea Zone  (268,4754)  (220,4748)  (317,4729)  (364,4696)  (258,4803)
Driftmark  (2015,3474)
Griffin's Roost  (1751,4174)  (1703,4222)  (1703,4174)  (1716,4126)  (1825,4216)  (1799,4168)
Stonedance  (2032,3737)  (1984,3772)  (2068,3687)  (2105,3628)
Skagos  (2106,756)  (2058,799)  (2153,804)  (2104,708)  (2048,751)  (2105,847)  (2100,660)
East Shivering Sea Zone  (6342,765)  (6294,812)  (6294,764)  (6389,813)  (6342,717)  (6390,717)  (6390,765)  (6292,716)  (6341,860)  (6293,860)  (6246,812)  (6246,764)  (6437,813)  (6437,861)  (6389,861)  (6245,861)  (6340,669)  (6388,669)  (6436,669)  (6438,717)  (6438,765)  (6244,716)  (6244,668)  (6292,668)  (6484,623)  (6341,908)  (6293,908)  (6198,813)  (6198,765)  (6485,813)  (6485,861)  (6485,909)  (6437,909)  (6389,909)  (6245,909)  (6197,909)  (6197,861)  (6340,621)  (6388,621)  (6436,621)  (6486,671)  (6486,719)  (6196,717)  (6196,669)  (6196,621)  (6244,620)  (6292,620)  (6484,575)  (6532,575)  (6532,623)  (6341,956)  (6293,956)  (6150,813)  (6150,765)
Whispering Wood  (848,2411)  (800,2458)  (800,2410)  (895,2459)  (848,2363)  (896,2363)  (896,2411)  (798,2362)  (847,2506)  (799,2506)  (751,2507)  (846,2315)  (894,2315)  (942,2315)  (777,2314)  (895,2552)  (847,2554)  (799,2554)  (825,2267)  (873,2267)  (757,2266)  (805,2219)  (853,2219)
The Stepstones  (2475,4742)  (2471,4790)  (2559,4710)  (2407,4657)  (2351,4834)  (2482,4641)  (2541,4810)
Weeping Bay Sea Zone  (2159,1624)  (2111,1671)  (2111,1623)  (2206,1672)  (2159,1576)  (2207,1576)  (2207,1624)  (2109,1575)  (2158,1719)  (2110,1719)  (2063,1671)  (2063,1623)  (2254,1672)  (2254,1720)  (2206,1720)  (2062,1720)  (2157,1528)  (2205,1528)  (2253,1528)  (2255,1576)  (2255,1624)  (2061,1575)  (2061,1527)  (2109,1527)  (2301,1501)  (2158,1767)  (2110,1767)  (2015,1672)  (2015,1624)  (2302,1672)  (2302,1720)  (2302,1768)  (2254,1768)  (2206,1768)  (2062,1768)  (2014,1754)  (2157,1480)  (2205,1480)  (2253,1480)  (2303,1549)  (2303,1597)  (2013,1576)  (2077,1479)  (1967,1640)  (2350,1645)  (2350,1693)  (2350,1741)  (2046,1816)  (2125,1432)  (2216,1432)  (2351,1589)
North Crownlands  (1457,3573)  (1409,3605)  (1409,3557)  (1504,3621)  (1457,3525)  (1505,3532)  (1361,3580)  (1521,3669)
The Red Waste  (6582,5060)
Milkwater  (1074,337)  (1026,376)  (1026,328)  (1121,385)  (1074,289)  (1122,302)  (978,355)  (1169,360)  (1169,408)  (1121,433)  (1027,241)  (1192,456)  (995,193)  (1043,193)  (1240,433)  (1058,143)  (1026,95)
Grassy Vale  (1344,4055)  (1296,4102)  (1296,4054)  (1391,4103)  (1344,4007)  (1392,4007)  (1392,4055)  (1294,4006)  (1248,4092)  (1440,3988)
Andalos  (2843,3262)  (2795,3309)  (2795,3261)  (2890,3310)  (2843,3214)  (2891,3214)  (2891,3262)  (2793,3213)  (2747,3293)  (2938,3327)  (2890,3358)  (2841,3166)  (2745,3245)  (2745,3197)  (2793,3165)  (2955,3375)  (2729,3149)  (2697,3270)  (2697,3222)  (2777,3117)  (3003,3384)  (2681,3174)  (2709,3101)  (3012,3432)
Duskendale  (1741,3524)  (1693,3500)  (1791,3558)
Seagard  (1071,2805)  (1107,2853)  (1059,2853)  (1117,2763)  (1022,2783)  (1142,2810)
Volon Therys  (3755,4874)  (3707,4903)  (3797,4826)  (3803,4874)  (3845,4811)  (3659,4922)  (3659,4874)  (3893,4776)  (3611,4896)
Ashemark  (633,3266)  (585,3308)  (670,3218)  (719,3175)  (633,3314)
Gulltown  (2102,2986)  (2054,2992)  (2150,2974)  (2006,3002)  (2198,2963)  (2246,2964)  (2149,3022)  (2196,3009)
Bloody Gate  (1628,3021)  (1675,2987)  (1613,3068)  (1690,2938)  (1642,2925)  (1512,3083)  (1564,3096)
Bronzegate  (1791,3922)  (1743,3931)  (1743,3883)  (1838,3970)  (1791,3874)  (1839,3892)  (1695,3865)  (1886,3975)
Vaes Qosar  (7238,5200)  (7190,5247)  (7190,5199)  (7285,5248)  (7256,5152)  (7286,5200)  (7304,5137)
Pyke  (419,2963)
Brimstone Waters Sea Zone  (1111,5521)  (1063,5568)  (1063,5520)  (1158,5569)  (1111,5473)  (1159,5473)  (1159,5521)  (1061,5472)  (1110,5616)  (1062,5616)  (1015,5568)  (1015,5520)  (1206,5569)  (1206,5617)  (1158,5617)  (1014,5617)  (1109,5425)  (1157,5425)  (1205,5425)  (1207,5473)  (1207,5521)  (1013,5472)  (1013,5424)  (1061,5424)  (1253,5379)  (1110,5664)  (1062,5664)  (967,5569)  (967,5521)  (1254,5569)  (1254,5617)  (1254,5665)  (1206,5665)  (1158,5665)  (1014,5665)  (966,5665)  (966,5617)  (1109,5377)  (1157,5377)  (1205,5377)  (1255,5427)  (1255,5475)  (965,5473)  (965,5425)  (965,5377)  (1013,5376)  (1061,5376)  (1253,5331)  (1301,5331)  (1301,5379)  (1110,5712)  (1062,5712)  (919,5569)  (919,5521)
Skirling Pass  (953,466)  (1028,464)  (864,433)  (1051,512)  (816,439)  (1099,507)  (768,438)  (1147,508)
Lorath Bay Sea Zone  (3678,2517)  (3630,2564)  (3630,2516)  (3725,2565)  (3678,2469)  (3726,2469)  (3726,2517)  (3628,2468)  (3677,2612)  (3629,2612)  (3582,2564)  (3582,2516)  (3773,2565)  (3773,2613)  (3725,2613)  (3581,2613)  (3676,2421)  (3724,2421)  (3772,2421)  (3774,2469)  (3774,2517)  (3580,2468)  (3580,2420)  (3628,2420)  (3820,2375)  (3677,2660)  (3629,2660)  (3534,2565)  (3534,2517)  (3821,2565)  (3821,2613)  (3821,2661)  (3773,2661)  (3725,2661)  (3581,2661)  (3533,2661)  (3533,2613)  (3676,2373)  (3724,2373)  (3772,2373)  (3822,2423)  (3822,2471)  (3532,2469)  (3532,2421)  (3532,2373)  (3580,2372)  (3628,2372)  (3820,2327)  (3868,2327)  (3868,2375)  (3677,2708)  (3629,2708)  (3486,2565)  (3486,2517)
Last Hearth  (1718,1078)  (1670,1125)  (1670,1077)  (1765,1126)  (1718,1030)  (1766,1030)  (1766,1078)  (1668,1029)  (1717,1173)  (1669,1173)  (1622,1125)  (1622,1077)  (1813,1126)  (1813,1174)  (1765,1174)  (1621,1174)  (1716,982)  (1764,982)  (1812,982)  (1814,1030)  (1814,1078)  (1620,1029)  (1620,981)  (1668,981)  (1717,1221)  (1669,1221)  (1574,1126)  (1861,1134)  (1851,1222)  (1803,1222)  (1621,1222)  (1573,1222)  (1573,1174)  (1716,934)  (1764,934)  (1862,1043)  (1587,933)  (1635,933)  (1755,1269)  (1707,1269)  (1876,1270)  (1828,1270)  (1525,1240)  (1683,886)  (1731,886)  (1779,886)  (1582,885)  (1630,885)
Hardhome  (1733,582)  (1685,629)  (1685,581)  (1780,630)  (1733,534)  (1781,534)  (1781,582)  (1683,533)  (1823,486)
The Summer Isles Sea Zone  (3378,6161)  (3330,6208)  (3330,6160)  (3425,6209)  (3378,6113)  (3426,6113)  (3426,6161)  (3328,6112)  (3377,6256)  (3329,6256)  (3282,6208)  (3282,6160)  (3473,6209)  (3473,6257)  (3425,6257)  (3281,6257)  (3376,6065)  (3424,6065)  (3472,6065)  (3474,6113)  (3474,6161)  (3280,6112)  (3280,6064)  (3328,6064)  (3520,6019)  (3377,6304)  (3329,6304)  (3234,6209)  (3234,6161)  (3521,6209)  (3521,6257)  (3521,6305)  (3473,6305)  (3425,6305)  (3281,6305)  (3233,6305)  (3233,6257)  (3376,6017)  (3424,6017)  (3472,6017)  (3522,6067)  (3522,6115)  (3232,6113)  (3232,6065)  (3232,6017)  (3280,6016)  (3328,6016)  (3520,5971)  (3568,5971)  (3568,6019)  (3377,6352)  (3329,6352)  (3186,6209)  (3186,6161)
The Gullet Sea Zone  (1981,3529)  (1950,3480)  (1929,3529)  (1877,3508)  (1901,3453)  (1951,3437)  (1998,3425)  (2046,3413)  (2029,3533)
The Disputed Lands  (3002,4606)  (2954,4653)  (2954,4605)  (3049,4654)  (3002,4558)  (3050,4558)  (3050,4606)  (2952,4557)  (3001,4701)  (2953,4701)  (2906,4653)  (2906,4605)  (3097,4654)  (3097,4702)  (3049,4702)  (2905,4702)  (3000,4510)  (3048,4510)  (3096,4510)  (3098,4558)  (3098,4606)  (2904,4557)  (2904,4509)  (2952,4509)  (3144,4468)  (3001,4749)  (2953,4749)  (2858,4654)  (2858,4606)  (3145,4654)  (3145,4702)  (3145,4750)  (3097,4750)  (3049,4750)  (2905,4750)  (2857,4750)  (2857,4702)  (3146,4516)  (3146,4564)  (2856,4558)  (2856,4510)  (2856,4462)  (3192,4434)  (2810,4654)  (2810,4606)  (3193,4612)  (3193,4660)  (3193,4708)  (2809,4734)  (2809,4414)  (3194,4482)  (3194,4530)
Cape Kraken  (380,2427)  (332,2474)  (332,2426)  (427,2475)  (380,2379)  (428,2390)  (330,2378)  (284,2510)  (284,2462)  (475,2438)  (475,2486)  (282,2414)  (282,2366)  (236,2504)  (523,2437)  (234,2456)  (571,2445)  (619,2440)
The Frostfangs  (807,247)  (759,294)  (759,246)  (854,295)  (807,199)  (855,199)  (855,247)  (757,198)  (806,342)  (758,342)  (711,294)  (902,295)  (892,343)  (805,151)  (903,166)  (903,214)  (709,159)  (757,150)  (701,111)  (951,254)  (952,138)  (668,63)  (716,63)  (669,15)
The Shield Islands Sea Zone  (155,4270)  (107,4317)  (107,4269)  (202,4318)  (155,4222)  (203,4222)  (203,4270)  (105,4221)  (154,4365)  (106,4365)  (59,4317)  (59,4269)  (250,4318)  (250,4366)  (202,4366)  (58,4366)  (153,4174)  (201,4174)  (249,4174)  (251,4222)  (251,4270)  (57,4221)  (57,4173)  (105,4173)  (154,4413)  (106,4413)  (11,4318)  (11,4270)  (298,4318)  (298,4366)  (202,4414)  (58,4414)  (10,4414)  (10,4366)  (153,4126)  (201,4126)  (249,4126)  (9,4222)  (9,4174)  (9,4126)  (57,4125)  (105,4125)  (273,4080)  (154,4461)  (106,4461)
Sarsfield  (557,3372)  (509,3400)  (605,3367)  (461,3369)  (653,3369)
Oldcastle  (1649,2122)  (1601,2169)  (1601,2121)  (1696,2170)  (1678,2074)  (1697,2122)  (1726,2067)  (1553,2199)  (1553,2151)  (1744,2170)  (1745,2115)  (1774,2038)  (1505,2159)
Slaver's Bay Sea Zone  (5341,4826)  (5293,4873)  (5293,4825)  (5388,4874)  (5341,4778)  (5389,4778)  (5389,4826)  (5291,4777)  (5340,4921)  (5292,4921)  (5245,4873)  (5245,4825)  (5436,4874)  (5436,4922)  (5388,4922)  (5244,4922)  (5339,4730)  (5387,4730)  (5435,4730)  (5437,4778)  (5437,4826)  (5243,4777)  (5243,4729)  (5291,4729)  (5483,4684)  (5340,4969)  (5292,4969)  (5197,4874)  (5197,4826)  (5484,4874)  (5484,4922)  (5484,4970)  (5436,4970)  (5388,4970)  (5244,4970)  (5196,4922)  (5387,4682)  (5435,4682)  (5485,4732)  (5485,4780)  (5195,4778)  (5195,4730)  (5243,4681)  (5483,4636)  (5531,4636)  (5531,4684)  (5149,4874)  (5149,4826)
Barrowton  (860,2045)  (812,2092)  (812,2044)  (907,2093)  (860,1997)  (908,1997)  (908,2045)  (810,1996)  (769,2140)  (764,2092)  (764,2044)  (955,2093)  (858,1949)  (906,1949)  (954,1949)  (956,1997)  (956,2045)  (762,1996)  (721,2150)  (716,2102)  (716,2054)  (1003,2093)  (1004,1954)  (1004,2002)  (714,2006)  (714,1958)  (673,2154)  (668,2106)  (668,2058)  (1051,2050)  (1052,1955)  (620,2127)
Elyria  (4814,4919)
Through of Lys Sea Zone  (2375,5065)  (2327,5112)  (2327,5064)  (2422,5113)  (2375,5017)  (2423,5017)  (2423,5065)  (2325,5016)  (2374,5160)  (2326,5160)  (2279,5112)  (2279,5064)  (2470,5113)  (2470,5161)  (2422,5161)  (2278,5161)  (2373,4969)  (2421,4969)  (2469,4969)  (2471,5017)  (2471,5065)  (2277,5016)  (2277,4968)  (2325,4968)  (2231,5113)  (2231,5065)  (2518,5113)  (2518,5161)  (2518,5209)  (2470,5209)  (2422,5209)  (2519,4985)  (2519,5033)  (2229,5017)  (2229,4969)  (2253,4920)  (2301,4920)  (2183,5125)  (2183,5077)  (2566,5081)  (2566,5129)  (2566,5177)  (2566,5225)  (2518,5257)  (2567,5001)  (2181,5029)  (2582,5273)  (2135,5104)  (2614,5049)  (2614,5097)  (2614,5145)  (2614,5193)
Port of Ibben  (6855,1698)  (6807,1742)  (6807,1694)  (6902,1746)  (6903,1654)  (6780,1790)  (6939,1606)  (6759,1742)  (6759,1694)  (6933,1794)  (6951,1654)  (6732,1820)  (6987,1595)  (6711,1772)  (6711,1724)  (6957,1842)  (6999,1643)  (6999,1691)  (6728,1868)  (6684,1820)  (6680,1872)  (7035,1583)  (6663,1772)  (6663,1724)  (6974,1890)  (7047,1631)  (7047,1679)  (6636,1824)  (6632,1899)  (7083,1572)  (7091,1727)  (6615,1776)  (6615,1728)  (7095,1620)  (7095,1668)  (6612,1947)  (6588,1851)  (7131,1564)  (6567,1750)  (6567,1702)  (7143,1612)  (7143,1660)  (6604,1995)  (7191,1584)
Pinkmaiden  (960,3349)  (912,3396)  (912,3348)  (1007,3397)  (976,3301)  (1008,3349)  (959,3397)  (1023,3302)  (1055,3350)  (1055,3397)
Redfort  (1836,3018)  (1788,3030)  (1884,3013)  (1836,3065)  (1786,2979)  (1835,2970)  (1788,3078)  (1884,3060)
Rhoyne Delta Sea Zone  (4030,5287)  (3982,5334)  (3982,5286)  (4077,5335)  (4030,5239)  (4078,5239)  (4078,5287)  (3980,5238)  (4029,5382)  (3981,5382)  (3934,5334)  (3934,5286)  (4125,5335)  (4125,5383)  (4077,5383)  (3933,5383)  (4028,5191)  (4076,5191)  (4124,5191)  (4126,5239)  (4126,5287)  (3932,5238)  (3932,5190)  (3980,5190)  (4172,5145)  (4029,5430)  (3981,5430)  (3886,5335)  (3886,5287)  (4173,5402)  (4125,5431)  (4077,5431)  (3933,5431)  (3885,5431)  (3885,5383)  (4028,5143)  (4076,5143)  (4124,5143)  (4174,5193)  (3884,5239)  (3884,5191)  (3884,5143)  (3932,5142)  (3980,5142)  (4192,5450)  (4172,5097)  (4220,5097)  (4220,5145)  (4029,5478)  (3981,5478)  (3838,5335)  (3838,5287)
Ghozai  (5135,5131)  (5075,5085)
Sunhouse  (563,4842)  (593,4890)  (545,4890)  (539,4794)  (587,4794)  (611,4842)  (497,4928)
Tolos  (4965,4670)  (4917,4717)  (4917,4669)  (5012,4718)  (4965,4622)  (5013,4622)  (5013,4670)  (4915,4621)  (4964,4765)  (4916,4765)  (4869,4717)  (4869,4669)  (5060,4718)  (5024,4766)  (4868,4766)  (4963,4574)  (5011,4574)  (5059,4574)  (5061,4622)  (5061,4670)  (4867,4621)  (4867,4573)  (4915,4573)  (4972,4813)  (4821,4718)  (4821,4670)  (4820,4792)  (5072,4526)  (5109,4587)  (5109,4635)  (4945,4861)
Deep Den  (852,3543)  (804,3542)  (899,3591)  (855,3495)  (900,3543)  (756,3520)  (947,3591)  (708,3505)  (993,3615)
The Basilisk Isles  (5139,6700)  (5138,6651)  (5090,6700)  (5032,6724)  (4985,6756)  (4936,6762)  (4997,6669)  (5006,6620)  (4986,6572)  (4937,6569)  (5140,6602)
The Causeway  (1216,2361)  (1219,2409)  (1220,2457)  (1229,2505)  (1213,2314)  (1206,2265)
Vaes Graddakh  (5004,3023)  (4956,3070)  (4956,3022)  (5051,3071)  (5004,2975)  (5052,2975)  (5052,3023)  (4954,2974)  (5003,3118)  (4955,3118)  (4908,3070)  (4908,3022)  (5099,3071)  (5099,3119)  (5051,3119)  (4907,3119)  (5002,2927)  (5050,2927)  (5100,2953)  (5100,3001)  (4906,2974)  (4906,2926)  (4954,2926)  (4860,3071)  (4860,3023)  (5147,3056)  (5147,3104)  (5147,3152)  (5099,3167)  (4913,3167)  (5002,2879)  (4956,2831)  (5004,2831)
Hornwood  (1636,1712)  (1588,1759)  (1588,1711)  (1683,1760)  (1636,1664)  (1684,1664)  (1684,1712)  (1586,1663)  (1635,1807)  (1587,1807)  (1540,1759)  (1539,1808)  (1634,1616)  (1682,1616)  (1730,1616)  (1732,1664)  (1778,1602)  (1606,1855)  (1558,1856)  (1491,1769)  (1780,1650)
Sea of Myrth Sea Zone  (2496,4136)  (2448,4183)  (2448,4135)  (2543,4184)  (2496,4088)  (2544,4088)  (2544,4136)  (2446,4087)  (2495,4231)  (2447,4231)  (2400,4183)  (2400,4135)  (2591,4184)  (2591,4232)  (2543,4232)  (2399,4232)  (2494,4040)  (2542,4040)  (2590,4040)  (2592,4088)  (2592,4136)  (2398,4087)  (2398,4039)  (2446,4039)  (2638,3994)  (2495,4279)  (2447,4279)  (2352,4184)  (2352,4136)  (2639,4232)  (2639,4280)  (2591,4280)  (2543,4280)  (2399,4280)  (2351,4280)  (2351,4232)  (2494,3992)  (2542,3992)  (2590,3992)  (2350,4088)  (2350,4040)  (2446,3991)  (2638,3946)  (2686,3946)  (2686,3994)  (2495,4327)  (2447,4327)  (2304,4184)  (2304,4136)
Silverhill  (820,3688)  (772,3735)  (772,3687)  (867,3736)  (820,3640)  (868,3661)  (770,3639)  (724,3734)  (915,3709)  (915,3757)  (722,3686)  (722,3638)  (721,3590)  (963,3682)  (963,3730)  (674,3667)  (673,3619)  (818,3782)
Godsgrace  (1795,4903)  (1747,4950)  (1747,4902)  (1842,4951)  (1794,4998)  (1746,4998)  (1851,4999)  (1698,4999)  (1803,5046)  (1755,5046)  (1650,5037)  (1843,4869)
Bay of Crabs Sea Zone  (1917,3272)  (2020,3236)  (2068,3193)  (2113,3102)  (2116,3173)  (2161,3090)  (2164,3138)
Volantis  (3866,4942)  (3818,4982)  (3913,4990)  (3889,4894)  (3914,4942)  (3937,4871)  (3778,5030)  (3770,4982)  (3962,4919)  (3959,4823)  (3985,4871)  (3730,5077)  (3781,5078)  (3722,5029)  (3722,4981)  (3682,5094)  (3674,5046)  (3626,5070)  (3962,4967)
The Cinnamon Straits Sea Zone  (7075,6765)  (7027,6812)  (7027,6764)  (7122,6813)  (7075,6717)  (7123,6717)  (7123,6765)  (7025,6716)  (7074,6860)  (7026,6860)  (6979,6812)  (6979,6764)  (7170,6813)  (7170,6861)  (7122,6861)  (6978,6861)  (7073,6669)  (7121,6669)  (7169,6669)  (7171,6717)  (7171,6765)  (6977,6716)  (6977,6668)  (7025,6668)  (7217,6623)  (7074,6908)  (7026,6908)  (6931,6813)  (6931,6765)  (7218,6813)  (7218,6861)  (7218,6909)  (7170,6909)  (7122,6909)  (7073,6621)  (7121,6621)  (7169,6621)  (7219,6671)  (7219,6719)  (6929,6717)  (6929,6669)  (6929,6621)  (6977,6620)  (7025,6620)  (7217,6575)  (7265,6575)  (7265,6623)  (7074,6956)  (7026,6956)  (6883,6841)  (6883,6793)
King's Landing  (1591,3681)  (1639,3652)  (1687,3642)  (1618,3728)  (1735,3649)
Western Dothraki Sea  (4812,4056)  (4764,4103)  (4764,4055)  (4859,4104)  (4812,4008)  (4860,4008)  (4860,4056)  (4762,4007)  (4811,4151)  (4763,4151)  (4716,4103)  (4716,4055)  (4907,4104)  (4907,4152)  (4859,4152)  (4715,4152)  (4810,3960)  (4858,3960)  (4906,3960)  (4908,4008)  (4908,4056)  (4714,4007)  (4714,3959)  (4762,3959)  (4954,3914)  (4811,4199)  (4763,4199)  (4668,4104)  (4668,4056)  (4955,4104)  (4955,4152)  (4955,4200)  (4907,4200)  (4859,4200)  (4715,4200)  (4667,4200)  (4667,4152)  (4810,3912)  (4858,3912)  (4906,3912)  (4956,3962)  (4956,4010)  (4666,4008)  (4666,3960)  (4666,3912)  (4714,3911)  (4762,3911)  (4954,3866)  (5002,3866)  (5002,3914)  (4811,4247)  (4763,4247)  (4620,4104)  (4620,4056)
Vahar  (6996,6186)
Longbow Hall  (2098,2738)  (2050,2781)  (2050,2733)  (2145,2786)  (2098,2690)  (2146,2690)  (2146,2738)  (2044,2685)  (2002,2753)  (2193,2786)  (1996,2705)  (1948,2723)  (2192,2642)
Ghiscari Strait Sea Zone  (6127,6258)  (6079,6305)  (6079,6257)  (6174,6306)  (6127,6210)  (6175,6210)  (6175,6258)  (6077,6209)  (6126,6353)  (6078,6353)  (6031,6305)  (6031,6257)  (6222,6306)  (6222,6354)  (6174,6354)  (6030,6354)  (6125,6162)  (6173,6162)  (6221,6162)  (6223,6210)  (6223,6258)  (6029,6209)  (6029,6161)  (6077,6161)  (6269,6116)  (6126,6401)  (6078,6401)  (5983,6306)  (5983,6258)  (6270,6306)  (6270,6354)  (6270,6402)  (6222,6402)  (6174,6402)  (6030,6402)  (5982,6402)  (5982,6354)  (6125,6114)  (6173,6114)  (6221,6114)  (6271,6164)  (6271,6212)  (5981,6210)  (5981,6162)  (5981,6114)  (6029,6113)  (6077,6113)  (6269,6068)  (6317,6068)  (6317,6116)  (6126,6449)  (6078,6449)  (5935,6306)  (5935,6258)
The Twins  (1120,2634)  (1072,2665)  (1072,2714)  (1169,2691)  (1120,2682)  (1120,2586)  (1168,2642)  (1071,2616)  (1022,2607)  (974,2602)  (1169,2592)
Ny Sar  (3446,3826)  (3398,3871)  (3398,3823)  (3494,3793)  (3494,3841)  (3394,3775)  (3350,3883)  (3350,3835)  (3542,3812)  (3542,3860)  (3346,3787)  (3302,3837)
Red Mountains  (1252,4724)
Pebble  (1921,2414)
The Dreadfort  (1705,1438)  (1657,1485)  (1657,1437)  (1752,1486)  (1708,1390)  (1753,1438)  (1756,1387)  (1662,1533)  (1609,1513)  (1609,1465)  (1800,1486)  (1800,1534)  (1752,1534)  (1801,1435)  (1804,1357)  (1848,1483)  (1848,1531)  (1849,1405)  (1896,1453)  (1897,1366)  (1944,1450)
Crakehall  (367,3792)  (319,3839)  (414,3840)  (346,3744)  (394,3744)  (415,3792)  (355,3696)  (403,3696)  (361,3648)  (365,3880)
Deepwood Motte  (778,1303)  (730,1345)  (826,1256)  (826,1304)  (826,1352)  (682,1360)  (874,1249)  (874,1297)  (634,1370)  (922,1239)  (922,1287)  (922,1335)  (970,1228)  (970,1276)  (1018,1244)
Hills of Norvos  (3391,3044)  (3343,3091)  (3343,3043)  (3438,3092)  (3391,2996)  (3439,2996)  (3439,3044)  (3341,2995)  (3390,3139)  (3342,3139)  (3295,3091)  (3295,3043)  (3486,3092)  (3486,3140)  (3294,3140)  (3389,2948)  (3437,2948)  (3485,2948)  (3487,2996)  (3487,3044)  (3293,2995)  (3293,2947)  (3341,2947)  (3533,2902)  (3247,3092)  (3247,3044)  (3534,3092)  (3534,3140)  (3275,3188)  (3246,3140)  (3389,2900)  (3437,2900)  (3485,2900)  (3535,2950)  (3535,2998)  (3282,2899)  (3330,2899)  (3227,3207)  (3533,2854)  (3199,3092)  (3199,3044)  (3582,3046)  (3582,3094)  (3582,3142)  (3198,3159)  (3454,2852)  (3583,2912)  (3583,2960)  (3282,2851)  (3181,3255)  (3179,3207)
Cerwyn  (1199,1852)  (1151,1899)  (1151,1851)  (1246,1900)  (1199,1804)  (1247,1804)  (1247,1852)  (1149,1803)  (1198,1947)  (1150,1947)  (1197,1756)  (1245,1756)  (1293,1756)  (1295,1804)  (1117,1755)  (1246,1974)  (1341,1710)  (1198,1995)  (1150,1995)  (1165,1708)  (1213,1708)  (1261,1708)  (1343,1758)  (1271,2022)  (1223,2043)  (1175,2043)  (1127,2043)  (1149,1660)  (1197,1660)  (1245,1660)  (1391,1739)
Old Oak  (419,4037)  (371,4052)  (371,4004)  (466,4085)  (467,4007)  (337,3956)  (385,3956)  (514,4055)  (514,4103)
Ax Isle  (5793,6546)
Pentos  (2761,3544)  (2713,3591)  (2713,3543)  (2808,3592)  (2761,3496)  (2809,3496)  (2809,3544)  (2711,3495)  (2760,3639)  (2712,3639)  (2665,3591)  (2665,3543)  (2856,3592)  (2856,3640)  (2808,3640)  (2664,3640)  (2759,3448)  (2807,3448)  (2855,3448)  (2857,3496)  (2857,3544)  (2663,3495)  (2663,3447)  (2711,3447)  (2617,3587)  (2904,3592)  (2904,3640)  (2904,3688)  (2856,3688)  (2808,3688)  (2759,3400)  (2807,3400)  (2905,3475)  (2905,3523)  (2615,3539)  (2615,3491)  (2615,3443)  (2663,3399)  (2711,3399)  (2611,3395)  (2952,3650)  (2840,3736)  (2792,3736)  (2567,3477)  (2659,3351)  (2707,3351)  (2563,3429)  (2594,3347)  (2792,3784)  (2744,3802)
Old Anchor  (2092,2883)  (2092,2833)  (2042,2855)  (1992,2851)  (2139,2843)  (2187,2838)
Qohor  (3997,3676)  (3949,3723)  (3949,3675)  (4044,3724)  (3997,3628)  (4045,3628)  (4045,3676)  (3947,3627)  (3996,3771)  (3948,3771)  (3901,3723)  (3901,3675)  (4092,3724)  (4090,3772)  (3900,3772)  (3995,3580)  (4043,3580)  (4091,3580)  (4093,3628)  (4093,3676)  (3899,3627)  (3899,3579)  (3947,3579)  (4032,3819)  (3984,3819)  (3853,3724)  (3853,3676)  (4140,3724)  (3936,3820)  (3888,3820)  (3852,3772)  (4059,3532)  (4141,3628)  (4141,3676)  (3851,3628)  (3851,3580)  (3840,3820)  (3805,3724)  (3805,3676)  (3955,3868)  (3907,3868)  (3804,3772)  (3803,3628)  (3943,3916)  (3895,3916)  (3938,3964)
Meereen  (5783,4482)  (5735,4504)  (5735,4456)  (5830,4530)  (5783,4434)  (5831,4434)  (5831,4482)  (5782,4552)  (5708,4408)  (5687,4498)  (5878,4540)  (5830,4578)  (5888,4588)  (5782,4600)  (5660,4450)  (5660,4402)  (5648,4354)  (5639,4498)  (5840,4626)  (5936,4573)  (5936,4621)  (5888,4636)  (5612,4450)  (5612,4402)  (5600,4354)  (5969,4669)  (5591,4520)  (5564,4472)  (5564,4424)  (5552,4376)  (6017,4669)  (5504,4390)
Waters of Braavos Sea Zone  (2669,2327)  (2610,2383)  (2621,2331)  (2706,2375)  (2680,2279)  (2728,2275)  (2717,2327)  (2632,2279)  (2658,2379)  (2648,2431)  (2600,2435)  (2562,2387)  (2573,2335)  (2754,2375)  (2744,2423)  (2696,2427)  (2552,2435)  (2643,2231)  (2691,2227)  (2765,2323)  (2584,2283)  (2595,2231)  (2685,2479)  (2637,2483)  (2589,2483)  (2653,2179)  (2792,2423)  (2733,2475)  (2781,2471)  (2674,2531)  (2626,2531)  (2578,2535)  (2605,2183)  (2829,2471)  (2788,2519)  (2541,2487)  (2664,2579)  (2616,2583)  (2530,2539)  (2568,2587)  (2653,2631)  (2605,2635)  (2836,2519)  (2520,2587)  (2557,2635)  (2876,2567)  (2901,2615)  (2509,2639)  (2616,2131)  (2627,2079)
The Tor  (1696,4748)  (1648,4795)  (1648,4747)  (1727,4796)  (1653,4843)  (1600,4789)  (1600,4741)  (1775,4791)
The Rills  (445,1981)  (397,2028)  (397,1980)  (492,2029)  (445,1933)  (493,1933)  (493,1981)  (395,1932)  (444,2076)  (396,2076)  (349,2028)  (349,1980)  (540,2029)  (540,2077)  (492,2077)  (348,2077)  (443,1885)  (491,1885)  (541,1891)  (541,1939)  (347,1932)  (370,1884)  (444,2124)  (396,2124)  (588,1987)  (552,2125)  (504,2125)  (589,1915)  (299,1959)  (456,2172)  (637,1929)
Qarth  (7300,5394)  (7252,5441)  (7252,5393)  (7328,5442)  (7300,5346)  (7250,5345)  (7280,5489)  (7328,5490)
Cornfield  (601,3806)  (553,3841)  (553,3793)  (649,3781)  (649,3829)  (505,3855)  (505,3807)  (697,3793)  (697,3841)  (745,3822)
Sea of Dorne Sea Zone  (1696,4591)  (1648,4638)  (1648,4590)  (1743,4639)  (1696,4543)  (1744,4543)  (1744,4591)  (1646,4542)  (1695,4686)  (1600,4638)  (1600,4590)  (1791,4639)  (1791,4687)  (1743,4687)  (1790,4495)  (1792,4543)  (1792,4591)  (1598,4542)  (1598,4494)  (1646,4494)  (1552,4639)  (1552,4591)  (1839,4639)  (1839,4687)  (1839,4735)  (1791,4735)  (1840,4497)  (1840,4545)  (1550,4543)  (1550,4495)  (1504,4639)  (1504,4591)  (1840,4592)  (1887,4602)  (1886,4649)
Vaes Shirosi  (6980,5245)  (6932,5292)  (6932,5244)  (6980,5197)  (7028,5197)  (7028,5245)  (6932,5196)  (6884,5270)  (6884,5222)  (7076,5208)  (7076,5256)
Rain House  (2085,4302)  (2133,4309)  (2036,4296)  (1987,4304)  (2181,4300)
The Golden Fields  (3637,4097)  (3589,4144)  (3589,4096)  (3684,4145)  (3637,4049)  (3685,4049)  (3685,4097)  (3587,4048)  (3636,4192)  (3541,4176)  (3541,4128)  (3732,4145)  (3732,4193)  (3684,4193)  (3635,4001)  (3683,4001)  (3733,4023)  (3733,4071)  (3539,4080)  (3539,4032)  (3587,4000)  (3523,3984)  (3493,4150)  (3780,4119)  (3780,4167)  (3781,4031)  (3491,4102)  (3491,4054)  (3571,3952)  (3619,3952)  (3475,4006)  (3475,3958)  (3523,3936)  (3828,4079)  (3828,4127)  (3828,4175)  (3443,4146)  (3443,4098)  (3427,4050)  (3427,4002)  (3427,3954)  (3876,4056)  (3876,4104)  (3876,4152)  (3395,4152)  (3395,4104)  (3379,4056)  (3379,4008)  (3379,3960)  (3924,4081)  (3924,4129)
Raventree Hall  (920,3053)  (872,3100)  (872,3052)  (966,3101)  (920,3005)  (968,3005)  (968,3053)  (824,3120)  (824,3072)  (1016,3027)  (1016,3075)
Ib Nor  (6905,1505)  (6857,1552)  (6857,1504)  (6953,1464)  (6953,1512)  (6845,1600)  (7001,1439)  (7001,1487)  (6797,1601)  (7033,1377)  (7049,1425)  (7049,1473)  (6752,1553)  (6749,1609)  (7081,1346)  (7097,1394)  (7097,1442)  (7097,1490)  (6704,1561)  (6701,1654)  (7145,1385)  (7145,1433)  (7145,1481)  (6656,1606)  (6656,1558)  (7193,1464)  (6608,1630)  (6608,1582)
Blackcrown  (265,4624)  (217,4597)  (306,4672)  (258,4672)
Zamettar  (5525,6797)  (5477,6844)  (5477,6796)  (5572,6845)  (5525,6749)  (5573,6749)  (5573,6797)  (5475,6748)  (5524,6892)  (5476,6892)  (5429,6844)  (5429,6796)  (5598,6893)  (5523,6701)  (5621,6732)  (5621,6780)  (5621,6828)  (5427,6748)  (5471,6700)  (5381,6877)
Honeyhole  (561,4484)  (513,4515)  (602,4436)  (465,4517)  (614,4388)
East Valyria  (4786,5758)  (4811,5806)  (4787,5710)  (4798,5854)  (4805,5662)
Lys  (2732,5022)  (2740,4969)  (2744,5071)  (2789,4947)  (2785,5001)
Vojjor Samvi  (5559,3547)  (5511,3594)  (5511,3546)  (5606,3595)  (5559,3499)  (5607,3499)  (5607,3547)  (5509,3498)  (5558,3642)  (5510,3642)  (5463,3594)  (5463,3546)  (5654,3595)  (5654,3643)  (5606,3643)  (5462,3643)  (5557,3451)  (5655,3478)  (5655,3526)  (5461,3498)  (5461,3450)  (5509,3450)  (5415,3595)  (5415,3547)  (5702,3574)  (5702,3622)  (5702,3670)  (5654,3691)  (5703,3522)  (5413,3499)  (5413,3451)  (5421,3402)  (5729,3718)  (5750,3594)  (5750,3642)
Redwyne Straits Sea Zone  (158,5262)  (110,5309)  (110,5261)  (205,5310)  (158,5214)  (206,5214)  (206,5262)  (108,5213)  (157,5357)  (109,5357)  (62,5309)  (62,5261)  (253,5310)  (253,5358)  (205,5358)  (61,5358)  (156,5166)  (204,5166)  (252,5166)  (254,5214)  (254,5262)  (60,5213)  (60,5165)  (108,5165)  (300,5120)  (157,5405)  (109,5405)  (14,5310)  (14,5262)  (301,5310)  (301,5358)  (301,5406)  (253,5406)  (205,5406)  (61,5406)  (13,5406)  (13,5358)  (156,5118)  (204,5118)  (252,5118)  (302,5168)  (302,5216)  (12,5214)  (12,5166)  (12,5118)  (60,5117)  (108,5117)  (300,5072)  (348,5072)  (348,5120)  (157,5453)  (109,5453)
Valysar  (3591,4750)  (3543,4797)  (3543,4749)  (3638,4798)  (3591,4702)  (3639,4712)  (3541,4701)  (3495,4818)  (3495,4770)  (3686,4760)  (3493,4722)  (3493,4674)  (3466,4626)  (3447,4789)  (3445,4741)  (3445,4693)
The Lands of the Long Summer  (4549,5087)  (4501,5134)  (4501,5086)  (4596,5135)  (4549,5039)  (4597,5039)  (4597,5087)  (4499,5038)  (4548,5182)  (4500,5182)  (4644,5135)  (4644,5183)  (4596,5183)  (4452,5183)  (4547,4991)  (4595,4991)  (4643,4991)  (4645,5039)  (4645,5087)  (4691,4945)  (4548,5230)  (4500,5230)  (4692,5135)  (4692,5183)  (4692,5231)  (4644,5231)  (4596,5231)  (4452,5231)  (4404,5231)  (4530,4943)  (4578,4943)  (4626,4943)  (4693,4993)  (4693,5041)  (4400,4939)  (4388,5039)  (4380,5088)  (4359,5136)  (4674,4897)  (4548,5278)  (4500,5278)  (4357,4991)  (4740,5142)  (4740,5190)  (4740,5238)  (4692,5279)  (4644,5279)  (4596,5279)  (4452,5279)  (4404,5279)  (4356,5279)  (4356,5231)  (4531,5326)
Harlaw  (549,2897)  (597,2898)
Hesh  (6261,4500)  (6213,4547)  (6213,4499)  (6308,4548)  (6261,4452)  (6309,4452)  (6309,4500)  (6211,4451)  (6260,4595)  (6212,4595)  (6165,4547)  (6165,4499)  (6356,4548)  (6356,4596)  (6308,4596)  (6164,4596)  (6259,4404)  (6307,4404)  (6355,4404)  (6357,4452)  (6357,4500)  (6163,4451)  (6163,4403)  (6211,4403)  (6403,4358)  (6260,4643)  (6212,4643)  (6117,4548)  (6404,4626)  (6356,4644)  (6308,4644)  (6116,4626)  (6259,4356)  (6307,4356)  (6355,4356)  (6405,4406)  (6405,4454)  (6131,4355)  (6179,4355)  (6451,4338)  (6453,4386)
Bear Island  (711,996)  (669,1044)
Hornvale  (780,3415)  (732,3422)  (828,3415)
Felwood  (1655,3979)  (1607,3963)  (1702,4027)  (1655,3931)  (1590,3915)  (1750,4065)  (1542,3932)  (1542,3884)  (1494,3908)  (1750,4017)
Strongsong  (1562,2758)  (1514,2805)  (1514,2757)  (1610,2760)  (1658,2766)
The Wolfswood  (907,1465)  (859,1512)  (859,1464)  (954,1513)  (907,1417)  (955,1417)  (955,1465)  (883,1560)  (835,1560)  (811,1512)  (811,1464)  (811,1416)  (1002,1513)  (1002,1561)  (1003,1374)  (1003,1422)  (763,1555)  (763,1507)  (763,1459)  (763,1411)  (1050,1470)  (1050,1518)  (1050,1566)  (1051,1341)  (1051,1389)  (1055,1614)  (715,1551)  (715,1503)  (715,1455)  (1098,1437)  (1098,1485)  (1098,1533)  (1099,1361)  (1103,1581)  (667,1538)  (667,1490)  (667,1442)  (1147,1359)  (619,1538)  (619,1490)  (619,1442)  (571,1542)
Rhoyne Marsh  (3930,4504)
Golden Tooth  (746,3324)  (714,3276)  (762,3274)  (698,3324)  (797,3330)  (746,3225)
The Stepstones Sea Zone  (2209,4557)  (2256,4588)  (2267,4635)  (2289,4682)  (2336,4700)  (2348,4749)  (2411,4853)  (2459,4872)  (2507,4897)  (2555,4918)  (2603,4942)  (2602,4892)  (2651,4866)  (2257,4538)  (2206,4604)  (2207,4508)  (2159,4554)  (2256,4488)  (2305,4518)  (2305,4469)  (2652,4914)  (2698,4891)
West Valyria  (4216,5666)  (4216,5714)  (4205,5618)  (4264,5655)  (4245,5570)  (4320,5648)  (4264,5522)
Blackwater Bay Sea Zone  (1877,3658)  (1829,3701)  (1829,3653)  (1924,3706)  (1877,3610)  (1925,3610)  (1925,3658)  (1781,3704)  (1973,3589)  (1973,3637)  (1973,3685)  (2021,3595)  (2021,3643)  (1718,3722)  (1670,3730)
The Orange Waters Sea Zone  (3264,5329)  (3216,5376)  (3216,5328)  (3311,5377)  (3264,5281)  (3312,5281)  (3312,5329)  (3214,5280)  (3263,5424)  (3215,5424)  (3168,5376)  (3168,5328)  (3359,5377)  (3359,5425)  (3311,5425)  (3167,5425)  (3262,5233)  (3310,5233)  (3358,5233)  (3360,5281)  (3360,5329)  (3166,5280)  (3166,5232)  (3214,5232)  (3406,5187)  (3263,5472)  (3215,5472)  (3120,5377)  (3120,5329)  (3407,5377)  (3407,5425)  (3407,5473)  (3359,5473)  (3311,5473)  (3167,5473)  (3119,5473)  (3119,5425)  (3262,5185)  (3310,5185)  (3358,5185)  (3408,5235)  (3408,5283)  (3118,5281)  (3118,5233)  (3118,5185)  (3166,5184)  (3214,5184)  (3406,5139)  (3454,5139)  (3454,5187)  (3263,5520)  (3215,5520)  (3072,5377)  (3072,5329)
Sunspear  (2069,4918)  (2021,4944)  (2117,4887)  (2117,4935)  (1973,4928)  (2165,4881)
The Bite Sea Zone  (1425,2373)  (1377,2420)  (1376,2371)  (1471,2421)  (1425,2323)  (1474,2323)  (1474,2372)  (1375,2321)  (1424,2419)  (1423,2468)  (1373,2468)  (1329,2398)  (1519,2436)  (1469,2467)  (1323,2475)  (1424,2273)  (1473,2273)  (1522,2281)  (1523,2331)  (1445,2222)  (1572,2281)  (1373,2517)  (1568,2449)  (1621,2279)  (1617,2448)  (1670,2279)
Antlers  (1591,3441)  (1543,3474)  (1543,3426)  (1623,3489)  (1591,3393)  (1639,3393)
Weeping Tower  (1958,4452)  (2006,4460)  (1910,4437)  (1905,4532)  (2054,4477)
Midlands Road  (4116,4505)  (4163,4553)  (4089,4457)  (4137,4457)  (4164,4505)  (4185,4601)  (4200,4649)  (4202,4697)  (4198,4745)  (4150,4768)  (4199,4793)  (4102,4800)  (4054,4802)  (4151,4816)  (4087,4408)  (4038,4367)  (4045,4318)  (4049,4270)  (4055,4221)  (4067,4123)  (4024,4074)  (3974,4034)  (4068,4172)
Brightwater Keep  (470,4377)  (422,4424)  (422,4376)  (517,4425)  (518,4351)  (420,4328)  (534,4303)  (582,4265)  (582,4313)  (485,4256)  (533,4255)
Ironman's Bay Sea Zone  (692,2806)  (644,2846)  (644,2798)  (739,2854)  (692,2758)  (740,2758)  (740,2806)  (635,2750)  (691,2894)  (596,2805)  (787,2854)  (787,2902)  (739,2902)  (683,2710)  (731,2710)  (779,2710)  (587,2757)  (600,2702)  (827,2671)  (691,2942)  (548,2840)  (835,2854)  (835,2902)  (835,2950)  (787,2950)  (739,2950)  (648,2662)  (696,2662)  (744,2662)  (792,2623)  (883,2845)  (883,2893)  (830,2998)  (659,2614)  (707,2614)  (931,2826)  (931,2874)  (692,2566)  (979,2834)  (979,2882)
The Northroad  (1459,1178)  (1458,1226)  (1463,1130)  (1511,1126)  (1377,1259)  (1373,1211)  (1508,1078)  (1377,1307)  (1329,1307)  (1329,1259)  (1524,1030)  (1375,1355)  (1327,1355)  (1281,1307)  (1279,1357)  (1522,982)  (1257,1405)  (1231,1357)  (1528,934)  (1527,886)
Oldtown  (466,4620)  (418,4667)  (418,4619)  (513,4668)  (514,4577)  (416,4571)  (465,4715)  (370,4622)  (513,4716)
The Fingers Sea Zone  (2296,2135)  (2248,2182)  (2248,2134)  (2343,2183)  (2296,2087)  (2344,2087)  (2344,2135)  (2246,2086)  (2295,2230)  (2247,2230)  (2200,2182)  (2200,2134)  (2391,2183)  (2391,2231)  (2343,2231)  (2199,2231)  (2294,2039)  (2342,2039)  (2390,2039)  (2392,2087)  (2392,2135)  (2198,2086)  (2198,2038)  (2246,2038)  (2438,1993)  (2295,2278)  (2247,2278)  (2152,2183)  (2152,2135)  (2439,2183)  (2439,2231)  (2439,2279)  (2391,2279)  (2343,2279)  (2199,2279)  (2151,2279)  (2151,2231)  (2294,1991)  (2342,1991)  (2390,1991)  (2440,2041)  (2440,2089)  (2150,2087)  (2150,2039)  (2198,1990)  (2246,1990)  (2438,1945)  (2486,1945)  (2486,1993)  (2295,2326)  (2247,2326)  (2104,2183)  (2104,2135)
Vaith  (1522,4945)  (1474,4992)  (1474,4944)  (1567,4993)  (1522,4897)  (1570,4897)  (1570,4945)  (1472,4896)  (1520,4849)  (1618,4895)  (1424,4867)  (1472,4848)  (1616,4942)  (1666,4901)
South Sunset Sea Zone  (108,3765)  (60,3812)  (60,3764)  (155,3813)  (108,3717)  (156,3717)  (156,3765)  (58,3716)  (107,3860)  (59,3860)  (12,3812)  (12,3764)  (203,3813)  (203,3861)  (155,3861)  (11,3861)  (106,3669)  (154,3669)  (202,3669)  (204,3717)  (204,3765)  (10,3716)  (10,3668)  (58,3668)  (250,3623)  (107,3908)  (59,3908)  (245,3909)  (197,3909)  (11,3909)  (106,3621)  (154,3621)  (202,3621)  (252,3671)  (252,3719)  (0,3620)  (48,3620)  (250,3575)  (298,3575)  (149,3956)  (101,3956)  (227,3957)  (53,3957)  (5,3957)  (119,3573)  (167,3573)  (310,3527)  (179,4004)  (131,4004)  (252,4005)  (83,4005)  (35,4005)
Ghost Hill  (2102,4766)  (2149,4755)  (2198,4754)  (2201,4802)  (2249,4836)  (2031,4808)  (2248,4787)
Summerhall  (1531,4086)  (1483,4133)  (1543,4134)  (1493,4038)  (1541,4038)  (1579,4086)  (1456,4181)  (1547,4182)  (1501,3990)  (1627,4060)
Storm's End  (1898,4082)  (1850,4123)  (1913,4130)  (1898,4034)  (1946,4034)  (1946,4082)  (1994,4016)
South Narrow Sea Zone  (2345,3687)  (2297,3734)  (2297,3686)  (2392,3735)  (2345,3639)  (2393,3639)  (2393,3687)  (2295,3638)  (2344,3782)  (2296,3782)  (2249,3734)  (2249,3686)  (2440,3735)  (2440,3783)  (2392,3783)  (2248,3783)  (2343,3591)  (2391,3591)  (2439,3591)  (2441,3639)  (2441,3687)  (2247,3638)  (2247,3590)  (2295,3590)  (2487,3545)  (2344,3830)  (2296,3830)  (2201,3735)  (2201,3687)  (2488,3735)  (2488,3783)  (2488,3831)  (2440,3831)  (2392,3831)  (2248,3831)  (2200,3831)  (2200,3783)  (2343,3543)  (2391,3543)  (2439,3543)  (2489,3593)  (2489,3641)  (2199,3639)  (2199,3591)  (2199,3543)  (2247,3542)  (2295,3542)  (2487,3497)  (2344,3878)  (2296,3878)  (2153,3735)  (2153,3687)
Chroyane  (3606,4329)  (3558,4376)  (3558,4328)  (3653,4377)  (3606,4281)  (3654,4281)  (3654,4329)  (3556,4280)  (3510,4380)  (3510,4332)  (3701,4377)  (3701,4425)  (3653,4425)  (3702,4279)  (3702,4327)  (3508,4284)  (3508,4236)  (3462,4351)  (3749,4375)  (3750,4260)  (3750,4308)  (3460,4303)  (3460,4255)  (3459,4207)  (3412,4313)  (3412,4265)
The Iron Islands Sea Zone  (207,2711)  (159,2758)  (159,2710)  (254,2759)  (207,2663)  (255,2663)  (255,2711)  (157,2662)  (206,2806)  (158,2806)  (111,2758)  (111,2710)  (302,2759)  (110,2807)  (205,2615)  (253,2615)  (301,2615)  (303,2663)  (303,2711)  (109,2662)  (109,2614)  (157,2614)  (349,2569)  (206,2854)  (158,2854)  (63,2759)  (63,2711)  (350,2759)  (110,2855)  (62,2855)  (62,2807)  (205,2567)  (253,2567)  (301,2567)  (351,2617)  (351,2665)  (61,2663)  (61,2615)  (61,2567)  (109,2566)  (157,2566)  (397,2569)  (206,2902)  (158,2902)  (15,2759)  (15,2711)
Bitterbridge  (1104,3952)  (1056,3981)  (1152,3926)  (1152,3974)  (1008,3981)  (1200,3916)  (1200,3964)  (1200,4012)
Bay of Ice Sea Zone  (313,973)  (265,1020)  (265,972)  (360,1021)  (313,925)  (361,925)  (361,973)  (263,924)  (312,1068)  (264,1068)  (217,1020)  (217,972)  (408,1021)  (408,1069)  (360,1069)  (216,1069)  (311,877)  (359,877)  (407,877)  (409,925)  (409,973)  (215,924)  (215,876)  (263,876)  (455,831)  (312,1116)  (264,1116)  (169,1021)  (169,973)  (456,1021)  (456,1069)  (456,1117)  (408,1117)  (360,1117)  (216,1117)  (168,1117)  (168,1069)  (311,829)  (359,829)  (407,829)  (457,879)  (457,927)  (167,925)  (167,877)  (167,829)  (215,828)  (263,828)  (455,783)  (503,831)  (312,1164)  (121,1021)  (121,973)
Orkmont  (476,2832)
Mantarys  (4541,4715)  (4493,4762)  (4493,4714)  (4541,4667)  (4589,4667)  (4589,4715)  (4491,4666)  (4445,4803)  (4445,4755)  (4637,4672)  (4443,4707)  (4397,4805)  (4397,4757)  (4685,4675)  (4715,4761)  (4349,4800)  (4349,4752)  (4733,4678)  (4301,4786)  (4253,4755)
Moat Cailin  (1228,2162)  (1180,2187)  (1180,2139)  (1276,2131)  (1276,2179)  (1228,2113)  (1227,2210)  (1132,2160)  (1324,2163)
Blackmont  (846,4658)  (797,4626)  (862,4609)  (759,4578)  (909,4640)  (867,4560)  (710,4539)  (876,4511)  (663,4507)  (758,4529)
Mountain Clans  (1087,1024)  (1039,981)  (1115,1072)  (1067,1072)  (1087,976)  (1135,970)  (1117,1120)  (1069,1120)  (1101,922)  (1149,922)  (1088,1168)  (1040,1168)  (1175,854)  (1135,1216)  (1223,828)
Fairmarket  (1197,2956)  (1149,3003)  (1149,2955)  (1244,3004)  (1197,2908)  (1101,3017)  (1101,2969)  (1101,2921)  (1292,3020)  (1053,2940)  (1149,2906)  (1195,3002)  (1245,2955)
Ramsgate  (1798,1836)  (1750,1883)  (1750,1835)  (1832,1884)  (1798,1788)  (1846,1788)  (1784,1931)  (1736,1931)  (1702,1883)  (1794,1740)  (1842,1740)  (1890,1740)  (1654,1920)  (1876,1692)
Bloodstone  (2373,4563)  (2427,4546)  (2509,4530)
Isle of Elephants  (7117,7153)  (7141,7201)  (7093,7105)  (7141,7105)  (7103,7057)
Riverrun  (891,3206)  (843,3253)  (843,3205)  (928,3254)  (896,3158)  (939,3206)  (944,3153)  (857,3301)  (992,3149)
Tower of Joy  (1046,4496)  (995,4509)  (1094,4515)  (1093,4468)
Vaes Diaf  (5718,4020)  (5670,4067)  (5670,4019)  (5765,4068)  (5718,3972)  (5766,3972)  (5766,4020)  (5668,3971)  (5717,4115)  (5669,4115)  (5622,4067)  (5622,4019)  (5813,4068)  (5813,4116)  (5765,4116)  (5621,4116)  (5716,3924)  (5764,3924)  (5812,3924)  (5814,3972)  (5814,4020)  (5620,3971)  (5620,3923)  (5668,3923)  (5860,3878)  (5717,4163)  (5669,4163)  (5574,4068)  (5574,4020)  (5861,4068)  (5861,4116)  (5861,4164)  (5813,4164)  (5765,4164)  (5621,4164)  (5716,3876)  (5764,3876)  (5812,3876)  (5862,3926)  (5862,3974)  (5572,3972)  (5572,3924)  (5572,3876)  (5620,3875)  (5668,3875)  (5694,4211)  (5526,4048)  (5909,4042)  (5909,4090)  (5909,4138)  (5909,4186)
Bhorash  (5342,4532)  (5294,4574)  (5294,4526)  (5389,4580)  (5342,4484)  (5390,4484)  (5390,4532)  (5287,4478)  (5331,4622)  (5246,4571)  (5372,4436)  (5420,4436)  (5438,4484)  (5438,4532)  (5239,4523)  (5198,4593)  (5486,4526)  (5191,4545)  (5191,4497)
Ashford  (1096,4223)  (1048,4270)  (1048,4222)  (1119,4271)  (1133,4175)  (1144,4223)  (1181,4143)  (1229,4160)
Vaes Khewo  (5118,3507)  (5070,3554)  (5070,3506)  (5165,3555)  (5118,3459)  (5166,3459)  (5166,3507)  (5068,3458)  (5117,3602)  (5069,3602)  (5022,3554)  (5022,3506)  (5213,3555)  (5213,3603)  (5165,3603)  (5021,3603)  (5116,3411)  (5164,3411)  (5212,3411)  (5214,3459)  (5214,3507)  (5020,3458)  (5020,3410)  (5068,3410)  (5117,3650)  (5069,3650)  (4974,3555)  (4974,3507)  (5261,3555)  (5261,3603)  (5261,3651)  (5213,3651)  (5165,3651)  (5021,3651)  (4973,3651)  (4973,3603)  (5116,3363)  (5164,3363)  (5262,3429)  (5262,3477)  (4972,3459)  (4972,3411)  (4972,3363)  (5020,3362)  (5068,3362)  (5117,3698)  (5069,3698)  (5309,3525)  (5309,3573)  (5309,3621)  (5309,3669)
Hellholt  (1234,4939)  (1186,4986)  (1186,4938)  (1281,4987)  (1234,4891)  (1282,4891)  (1282,4939)  (1184,4890)  (1233,5034)  (1185,5034)  (1138,4986)  (1329,4987)  (1329,5035)  (1137,5035)  (1330,4917)  (1377,5014)  (1377,5062)  (1089,5066)  (1378,4919)
Stonehelm  (1699,4341)  (1711,4293)  (1747,4371)  (1777,4419)  (1650,4388)  (1728,4418)  (1826,4393)
Gorosh  (6636,6924)  (6588,6971)  (6588,6923)  (6683,6972)  (6636,6876)  (6684,6876)  (6684,6924)  (6586,6875)  (6635,7019)  (6587,7019)  (6540,6971)  (6540,6923)  (6731,6972)  (6731,7020)  (6683,7020)  (6539,7020)  (6634,6828)  (6682,6828)  (6730,6828)  (6732,6876)  (6732,6924)  (6538,6875)  (6538,6827)  (6586,6827)  (6635,7067)  (6587,7067)  (6492,6972)  (6492,6924)  (6779,6972)  (6779,7020)  (6779,7068)  (6731,7068)  (6683,7068)  (6539,7068)  (6491,7068)  (6491,7020)  (6634,6780)  (6682,6780)  (6730,6780)  (6780,6866)  (6780,6914)  (6490,6876)  (6490,6828)  (6490,6780)  (6538,6779)  (6586,6779)  (6635,7115)  (6587,7115)  (6444,6972)  (6444,6924)  (6827,6962)  (6827,7010)  (6827,7058)  (6827,7106)
Bay of Seals Sea Zone  (1915,812)  (1867,859)  (1867,811)  (1962,860)  (1915,764)  (1963,786)  (1865,763)  (1914,907)  (1866,907)  (2010,847)  (2010,895)  (1962,908)  (1913,716)  (1817,788)  (1817,740)  (1865,715)  (2045,943)  (1961,676)  (1914,955)  (1997,956)  (1913,668)  (1831,667)  (2009,662)  (2093,946)  (2045,991)  (2096,994)  (1961,628)  (1949,1003)  (1997,1004)  (1879,620)  (2009,614)  (2048,1039)  (1927,580)  (1975,566)  (2023,566)  (1880,532)  (1928,518)  (1976,518)  (2024,518)  (1884,470)  (1932,470)  (1980,470)  (2028,470)  (1910,422)  (1958,422)  (2006,422)  (1978,374)  (2026,374)
Vaes Orvik  (6685,5349)  (6637,5375)  (6732,5397)  (6713,5301)  (6733,5349)  (6761,5294)  (6781,5342)  (6581,5374)  (6809,5275)  (6829,5323)  (6533,5399)  (6485,5425)  (6437,5414)
Stony Shore  (264,1754)  (216,1801)  (216,1753)  (311,1802)  (264,1706)  (312,1706)  (312,1754)  (214,1705)  (263,1849)  (215,1849)  (168,1801)  (359,1802)  (167,1850)  (262,1658)  (310,1658)  (360,1662)  (249,1897)  (201,1898)
The Basilisk Isles Sea Zone  (5347,6195)  (5299,6242)  (5299,6194)  (5394,6243)  (5347,6147)  (5395,6147)  (5395,6195)  (5297,6146)  (5346,6290)  (5298,6290)  (5251,6242)  (5251,6194)  (5442,6243)  (5442,6291)  (5394,6291)  (5250,6291)  (5345,6099)  (5393,6099)  (5441,6099)  (5443,6147)  (5443,6195)  (5249,6146)  (5249,6098)  (5297,6098)  (5489,6053)  (5346,6338)  (5298,6338)  (5203,6243)  (5203,6195)  (5490,6243)  (5490,6291)  (5490,6339)  (5442,6339)  (5394,6339)  (5250,6339)  (5202,6339)  (5202,6291)  (5345,6051)  (5393,6051)  (5441,6051)  (5491,6101)  (5491,6149)  (5201,6147)  (5201,6099)  (5201,6051)  (5249,6050)  (5297,6050)  (5489,6005)  (5537,6005)  (5537,6053)  (5346,6386)  (5298,6386)  (5155,6243)  (5155,6195)
Lorath  (3267,2746)  (3218,2721)  (3345,2673)  (3314,2746)
Heart's Home  (1809,2775)  (1857,2800)  (1806,2726)  (1759,2776)  (1859,2750)  (1906,2779)
Omber  (5398,2951)  (5350,2998)  (5350,2950)  (5445,2999)  (5398,2903)  (5446,2903)  (5446,2951)  (5348,2902)  (5397,3046)  (5349,3046)  (5302,2998)  (5302,2950)  (5493,2999)  (5493,3047)  (5445,3047)  (5301,3047)  (5396,2855)  (5444,2855)  (5492,2855)  (5494,2903)  (5494,2951)  (5300,2902)  (5338,2854)  (5540,2809)  (5381,3094)  (5254,2999)  (5541,2999)  (5333,3095)  (5285,3095)  (5253,3047)  (5386,2807)  (5434,2807)  (5482,2807)  (5542,2923)  (5237,3111)  (5530,2761)  (5589,2971)  (5329,3143)  (5205,3023)  (5405,2759)  (5453,2759)  (5281,3159)  (5233,3159)  (5299,3207)  (5251,3207)  (5588,2806)
Stone Hedge  (1146,3162)  (1098,3161)  (1146,3114)  (1194,3114)  (1194,3162)  (1242,3205)
Mountains of the Moon  (1467,2920)
Tyrosh  (2556,4393)  (2426,4416)  (2511,4431)
Norvos  (3384,3315)  (3336,3362)  (3336,3314)  (3431,3363)  (3384,3267)  (3432,3267)  (3432,3315)  (3334,3266)  (3383,3410)  (3335,3410)  (3288,3362)  (3288,3314)  (3479,3363)  (3479,3411)  (3431,3411)  (3287,3411)  (3401,3219)  (3449,3219)  (3480,3267)  (3480,3315)  (3286,3266)  (3240,3363)  (3527,3363)  (3527,3411)  (3239,3445)  (3528,3228)  (3528,3276)  (3575,3324)  (3575,3372)  (3575,3420)  (3576,3228)  (3576,3276)  (3623,3324)  (3623,3372)  (3623,3420)  (3659,3468)  (3671,3387)  (3707,3469)  (3737,3517)
Crow's Nest  (1856,4289)  (1808,4315)  (1865,4337)  (1783,4267)  (1904,4267)
White Harbor  (1451,1967)  (1403,2014)  (1403,1966)  (1498,2015)  (1451,1919)  (1499,1919)  (1499,1967)  (1401,1918)  (1404,2062)  (1356,2062)  (1355,2014)  (1355,1966)  (1546,2015)  (1546,2063)  (1498,2063)  (1547,1920)  (1353,1918)  (1353,1870)  (1401,1870)  (1395,2110)  (1594,1968)  (1594,2016)  (1305,1940)  (1381,1822)  (1429,1822)  (1642,1973)  (1642,2021)  (1690,1994)
The Neck  (1109,2298)
Yaros  (5539,4849)
Myr  (3127,4224)  (3079,4271)  (3079,4223)  (3174,4272)  (3127,4176)  (3175,4176)  (3175,4224)  (3077,4175)  (3126,4319)  (3078,4319)  (3031,4271)  (3031,4223)  (3222,4272)  (3222,4320)  (3174,4320)  (3030,4320)  (3125,4128)  (3173,4128)  (3223,4137)  (3223,4185)  (3029,4175)  (3029,4127)  (3077,4127)  (3126,4367)  (3078,4367)  (2983,4244)  (3270,4233)  (3270,4281)  (3270,4329)  (3216,4368)  (3030,4368)  (3125,4080)  (3173,4080)  (2982,4369)  (3051,4079)  (3221,4041)  (3098,4415)  (3318,4273)  (3318,4321)  (3050,4416)  (3099,4032)  (3147,4032)  (3002,4417)  (2954,4417)  (3195,3993)  (3123,3984)
Nightsong  (1109,4362)  (1061,4409)  (1157,4325)  (1157,4373)  (1201,4277)  (1013,4432)  (1205,4325)
The Flatlands  (2992,3888)  (2944,3935)  (2944,3887)  (3039,3936)  (2992,3840)  (3040,3840)  (3040,3888)  (2942,3839)  (2991,3983)  (2943,3983)  (2896,3935)  (2896,3887)  (2895,3984)  (2990,3792)  (3038,3792)  (3086,3792)  (3088,3840)  (3088,3888)  (2894,3839)  (2894,3791)  (2942,3791)  (3134,3746)  (3003,4031)  (2955,4031)  (2848,3936)  (2848,3888)  (2907,4032)  (2859,4032)  (2847,3984)  (2990,3744)  (3038,3744)  (3086,3744)  (3136,3794)  (3136,3842)  (3136,3890)  (2846,3840)  (2811,4068)  (3134,3698)  (3182,3698)  (3182,3746)  (2960,4079)  (2912,4080)  (2864,4080)  (2799,4020)  (3026,3696)  (3074,3696)  (3184,3794)  (3184,3842)  (3184,3890)  (2816,4116)  (2768,4116)  (2763,4068)
Highgarden  (710,4189)  (662,4236)  (662,4188)  (757,4237)  (710,4141)  (758,4141)  (758,4189)  (660,4140)  (709,4284)  (614,4198)  (805,4257)  (757,4285)  (709,4093)  (757,4093)  (805,4093)  (612,4150)  (849,4050)
West Shivering Sea Zone  (2948,355)  (2900,402)  (2900,354)  (2995,403)  (2948,307)  (2996,307)  (2996,355)  (2898,306)  (2947,450)  (2899,450)  (2852,402)  (2852,354)  (3043,403)  (3043,451)  (2995,451)  (2851,451)  (2946,259)  (2994,259)  (3042,259)  (3044,307)  (3044,355)  (2850,306)  (2850,258)  (2898,258)  (3090,213)  (2947,498)  (2899,498)  (2804,403)  (2804,355)  (3091,403)  (3091,451)  (3091,499)  (3043,499)  (2995,499)  (2851,499)  (2803,499)  (2803,451)  (2946,211)  (2994,211)  (3042,211)  (3092,261)  (3092,309)  (2802,307)  (2802,259)  (2802,211)  (2850,210)  (2898,210)  (3090,165)  (3138,165)  (3138,213)  (2947,546)  (2899,546)  (2756,403)  (2756,355)
The Eyrie  (1760,2872)  (1760,2921)  (1808,2870)  (1807,2916)  (1856,2864)  (1856,2913)  (1904,2890)
Rosby  (1641,3573)  (1593,3603)  (1689,3580)
Jade Gates Sea Zone  (6822,5862)  (6774,5909)  (6774,5861)  (6869,5910)  (6822,5814)  (6870,5814)  (6870,5862)  (6772,5813)  (6821,5957)  (6773,5957)  (6726,5909)  (6726,5861)  (6917,5910)  (6917,5958)  (6869,5958)  (6725,5958)  (6820,5766)  (6868,5766)  (6916,5766)  (6918,5814)  (6918,5862)  (6724,5813)  (6724,5765)  (6772,5765)  (6964,5720)  (6821,6005)  (6773,6005)  (6678,5910)  (6678,5862)  (6965,5910)  (6965,5958)  (6965,6006)  (6917,6006)  (6869,6006)  (6725,6006)  (6677,6006)  (6677,5958)  (6820,5718)  (6868,5718)  (6916,5718)  (6966,5768)  (6966,5816)  (6676,5814)  (6676,5766)  (6676,5718)  (6724,5717)  (6772,5717)  (6964,5672)  (7012,5672)  (7012,5720)  (6821,6053)  (6773,6053)  (6630,5910)  (6630,5862)
Cider Hall  (918,4184)  (870,4222)  (870,4174)  (942,4232)  (918,4136)  (966,4136)  (951,4280)  (905,4088)
Yronwood  (1389,4756)  (1341,4803)  (1341,4755)  (1389,4708)  (1437,4708)  (1437,4756)  (1293,4815)  (1485,4712)  (1533,4712)
Sisterton  (1622,2355)  (1561,2385)  (1693,2373)
Velos  (5171,5188)  (5116,5208)  (5171,5239)
Sandstone Mountains  (6002,5284)
Great Moraq  (7289,6088)  (7241,6135)  (7241,6087)  (7328,6136)  (7289,6040)  (7239,6039)  (7280,6183)  (7232,6183)  (7328,6184)  (7287,5992)  (7191,6075)  (7191,6027)  (7239,5991)  (7179,5979)  (7280,6231)  (7232,6231)  (7328,6232)  (7287,5944)  (7227,5943)  (7280,6279)  (7328,6280)  (7275,5896)  (7323,5896)  (7191,5895)  (7280,6327)  (7328,6328)  (7239,5848)  (7287,5848)  (7280,6375)  (7328,6376)  (7234,5800)  (7282,5800)  (7280,6423)  (7328,6424)  (7286,5752)  (7328,6472)
Acorn Hall  (1103,3271)  (1055,3232)  (1150,3319)  (1151,3260)  (1199,3260)  (1197,3308)  (1158,3365)  (1245,3281)
Widow's Watch  (1934,1884)  (1886,1911)  (1981,1932)  (1911,1836)  (1959,1836)  (2029,1947)  (1981,1884)
Astapor  (5714,5088)  (5666,5135)  (5666,5087)  (5761,5136)  (5714,5040)  (5762,5040)  (5762,5088)  (5664,5039)  (5713,5183)  (5665,5183)  (5618,5135)  (5618,5087)  (5809,5136)  (5809,5184)  (5761,5184)  (5617,5184)  (5712,4992)  (5760,4992)  (5810,5031)  (5810,5079)  (5633,4991)  (5713,5231)  (5570,5136)  (5836,5232)  (5788,5232)  (5522,5104)  (5802,5280)
Qarkash  (7137,5435)  (7089,5426)  (7184,5483)  (7136,5483)  (7137,5387)  (7079,5378)  (7216,5531)  (7168,5531)  (7127,5339)  (7193,5579)  (7171,5627)
The Kingsroad  (1212,2772)  (1225,2820)  (1260,2867)  (1222,2723)  (1297,2916)  (1234,2674)  (1345,2956)  (1244,2624)  (1385,3004)  (1417,3052)  (1248,2576)
The Wall  (1494,722)  (1542,722)  (1446,722)  (1590,721)  (1398,723)  (1638,720)  (1350,724)  (1686,720)
Port Yhos  (6882,5427)  (6834,5474)  (6834,5426)  (6901,5475)  (6912,5379)  (6930,5427)  (6960,5351)  (6786,5515)  (6978,5399)  (7008,5338)  (6738,5545)
Clegane Keep  (542,3664)  (494,3695)  (494,3647)  (590,3674)  (446,3641)  (637,3722)
Braavos  (2743,2594)  (2757,2643)  (2816,2595)  (2807,2643)  (2758,2692)  (2807,2692)  (2856,2672)  (2904,2678)  (2808,2740)  (2855,2723)  (2905,2727)  (2952,2696)
Vaes Efe  (7093,3731)  (7045,3778)  (7045,3730)  (7140,3779)  (7093,3683)  (7141,3683)  (7141,3731)  (7043,3682)  (7092,3826)  (7044,3826)  (6997,3778)  (6997,3730)  (7188,3779)  (7188,3827)  (7140,3827)  (6996,3827)  (7091,3635)  (7139,3635)  (7187,3635)  (7189,3683)  (7189,3731)  (6995,3682)  (6995,3634)  (7043,3634)  (7235,3589)  (7092,3874)  (7044,3874)  (6949,3779)  (6949,3731)  (7236,3779)  (7236,3827)  (7236,3875)  (7188,3875)  (7140,3875)  (6996,3875)  (6948,3875)  (6948,3827)  (7091,3587)  (7139,3587)  (7187,3587)  (7237,3637)  (7237,3685)  (6947,3683)  (6947,3635)  (6947,3587)  (6995,3586)  (7043,3586)  (7235,3541)  (7283,3541)  (7283,3589)  (7092,3922)  (7044,3922)  (6901,3779)  (6901,3731)
The Summer Sea Zone  (2257,5600)  (2209,5647)  (2209,5599)  (2304,5648)  (2257,5552)  (2305,5552)  (2305,5600)  (2207,5551)  (2256,5695)  (2208,5695)  (2161,5647)  (2161,5599)  (2352,5648)  (2352,5696)  (2304,5696)  (2160,5696)  (2255,5504)  (2303,5504)  (2351,5504)  (2353,5552)  (2353,5600)  (2159,5551)  (2159,5503)  (2207,5503)  (2399,5458)  (2256,5743)  (2208,5743)  (2113,5648)  (2113,5600)  (2400,5648)  (2400,5696)  (2400,5744)  (2352,5744)  (2304,5744)  (2160,5744)  (2112,5744)  (2112,5696)  (2255,5456)  (2303,5456)  (2351,5456)  (2401,5506)  (2401,5554)  (2111,5552)  (2111,5504)  (2111,5456)  (2159,5455)  (2207,5455)  (2399,5410)  (2447,5410)  (2447,5458)  (2256,5791)  (2208,5791)  (2065,5648)  (2065,5600)
Saath  (4545,3052)  (4497,3099)  (4497,3051)  (4592,3100)  (4545,3004)  (4593,3004)  (4593,3052)  (4495,3003)  (4544,3147)  (4496,3147)  (4449,3084)  (4640,3100)  (4640,3148)  (4592,3148)  (4543,2956)  (4591,2956)  (4639,2956)  (4641,3004)  (4641,3052)  (4447,3036)  (4447,2988)  (4495,2955)  (4432,2940)  (4687,2910)  (4544,3195)  (4496,3195)  (4688,3100)  (4688,3148)  (4688,3196)  (4640,3196)  (4592,3196)  (4543,2908)  (4591,2908)  (4639,2908)  (4689,2958)  (4689,3006)  (4399,3075)  (4399,3027)  (4480,2907)  (4384,2979)  (4687,2862)  (4544,3243)  (4496,3243)  (4736,3054)  (4736,3102)  (4605,3244)  (4554,2860)  (4602,2860)  (4737,2921)  (4737,2969)  (4351,3043)
Krazaaj Has  (6288,4228)  (6240,4265)  (6240,4217)  (6302,4180)  (6336,4228)  (6350,4166)  (6192,4273)  (6192,4225)  (6384,4214)  (6384,4262)  (6398,4150)  (6144,4296)  (6144,4248)  (6144,4200)  (6432,4198)  (6432,4246)  (6446,4138)  (6096,4297)  (6096,4249)  (6096,4201)  (6480,4186)  (6480,4234)  (6528,4230)
Noyne Valley  (3461,3609)  (3413,3656)  (3413,3608)  (3508,3657)  (3461,3561)  (3509,3561)  (3509,3609)  (3411,3560)  (3460,3704)  (3412,3704)  (3365,3656)  (3365,3608)  (3556,3657)  (3556,3705)  (3508,3705)  (3364,3705)  (3459,3513)  (3507,3513)  (3555,3513)  (3557,3561)  (3557,3609)  (3363,3560)  (3363,3512)  (3411,3512)  (3603,3513)  (3317,3657)  (3317,3609)  (3604,3657)  (3604,3705)  (3316,3717)  (3605,3561)  (3605,3609)  (3315,3561)  (3315,3513)  (3269,3669)  (3269,3621)  (3652,3657)  (3652,3705)  (3653,3532)  (3653,3580)  (3267,3573)  (3267,3525)  (3221,3623)  (3700,3628)  (3700,3676)  (3700,3724)  (3701,3575)
Blazewater Bay Sea Zone  (146,2191)  (98,2238)  (98,2190)  (193,2239)  (146,2143)  (194,2143)  (194,2191)  (96,2142)  (145,2286)  (97,2286)  (50,2238)  (50,2190)  (241,2239)  (241,2287)  (193,2287)  (49,2287)  (144,2095)  (192,2095)  (240,2095)  (242,2143)  (242,2191)  (48,2142)  (48,2094)  (96,2094)  (288,2049)  (145,2334)  (97,2334)  (2,2239)  (2,2191)  (289,2239)  (193,2335)  (49,2335)  (1,2335)  (1,2287)  (144,2047)  (192,2047)  (290,2097)  (290,2145)  (0,2143)  (0,2095)  (0,2047)  (48,2046)  (96,2046)  (145,2382)  (97,2382)
Vaes Mejhah  (6781,4114)  (6733,4161)  (6733,4113)  (6828,4162)  (6781,4066)  (6829,4066)  (6829,4114)  (6731,4065)  (6780,4209)  (6732,4209)  (6685,4161)  (6685,4113)  (6876,4162)  (6876,4210)  (6828,4210)  (6684,4210)  (6779,4018)  (6827,4018)  (6875,4018)  (6877,4066)  (6877,4114)  (6683,4065)  (6683,4017)  (6731,4017)  (6923,3998)  (6780,4257)  (6637,4162)  (6637,4114)  (6924,4162)  (6924,4210)  (6924,4258)  (6876,4258)  (6828,4258)  (6674,4258)  (6636,4210)  (6925,4046)  (6925,4094)  (6635,4066)  (6635,4018)  (6643,3969)  (6691,3969)  (6739,3969)  (6589,4162)  (6589,4114)  (6972,4142)  (6972,4190)  (6972,4238)  (6588,4220)  (6973,4038)  (6973,4086)  (6587,4066)
Thenn  (899,32)  (851,79)  (851,31)  (917,80)  (947,0)  (803,67)  (803,19)  (995,0)
Karhold  (1993,1244)  (1945,1291)  (1945,1243)  (2040,1292)  (1993,1196)  (2041,1196)  (2041,1244)  (1943,1195)  (1992,1339)  (2088,1292)  (2062,1340)  (1991,1148)  (2039,1148)  (2087,1148)  (2089,1196)  (2089,1244)  (1943,1147)  (2135,1102)  (2014,1387)  (1966,1387)  (2136,1292)  (1991,1100)  (2137,1150)  (2137,1198)  (1943,1099)  (2183,1069)  (2184,1246)  (2185,1117)  (2185,1165)
Lord Harroway's Town  (1372,3177)  (1323,3177)  (1325,3128)  (1371,3129)  (1274,3151)  (1420,3169)
Coldwater Burn  (1781,2534)  (1733,2577)  (1733,2529)  (1781,2486)  (1829,2493)  (1829,2541)  (1685,2550)  (1877,2493)  (1877,2541)  (1637,2563)  (1637,2515)  (1925,2538)  (1589,2547)  (1925,2485)
The Axe  (3765,3112)  (3717,3159)  (3717,3111)  (3812,3160)  (3765,3064)  (3717,3063)  (3764,3207)  (3716,3207)  (3669,3149)  (3860,3192)  (3812,3208)  (3668,3208)  (3765,3016)  (3764,3255)  (3716,3255)  (3832,3256)  (3668,3256)  (3761,2968)  (3809,2960)  (3784,3303)  (3736,3303)  (3826,3351)  (3778,3351)  (3832,3399)  (3784,3399)  (3820,3447)  (3772,3447)  (3800,2912)
Lesser Moraq  (6870,6346)  (6910,6394)  (6845,6298)  (6872,6250)
Shipbreaker Bay Sea Zone  (2084,4147)  (2036,4194)  (2036,4146)  (2131,4195)  (2084,4099)  (2132,4099)  (2132,4147)  (1988,4209)  (2179,4195)  (2139,4243)  (2054,4051)  (2102,4051)  (1940,4205)
Three Towers  (401,4827)  (353,4840)  (353,4792)  (448,4875)  (401,4779)  (449,4819)
Braavosian Coastland  (2901,2910)  (2853,2957)  (2853,2909)  (2948,2958)  (2901,2862)  (2949,2862)  (2949,2910)  (2851,2861)  (2900,3005)  (2852,3005)  (2805,2957)  (2805,2909)  (2996,2958)  (2996,3006)  (2948,3006)  (2804,3006)  (2899,2814)  (2947,2814)  (2995,2814)  (2997,2862)  (2997,2910)  (2803,2861)  (2803,2813)  (2851,2813)  (2900,3053)  (2757,2958)  (2757,2910)  (3044,2958)  (3044,3006)  (3022,3054)  (2974,3054)  (2793,3054)  (2979,2766)  (3045,2835)  (3045,2883)  (2755,2862)  (2755,2814)  (2735,2766)  (2926,3101)
Starfall  (743,4916)  (774,4964)  (791,4873)  (712,4812)  (761,4810)  (743,4867)  (733,5012)
The Crag  (562,3206)  (513,3206)  (546,3253)  (497,3252)  (506,3303)  (561,3160)  (610,3172)
The Shield Islands  (377,4141)  (327,4174)  (382,4202)  (454,4186)
Greenstone  (2171,4429)  (2217,4385)
Gulf of Elyria Sea Zone  (4966,4997)  (4917,5044)  (4918,4995)  (5012,5045)  (4964,4948)  (5012,4949)  (5013,4996)  (4965,5045)  (4965,5093)  (4917,5090)  (4868,5044)  (4869,4995)  (5060,5021)  (5013,5092)  (5060,4971)  (4819,5066)  (5110,5023)  (4818,5015)  (5109,4973)
Old Ghis  (5845,5484)  (5797,5531)  (5797,5483)  (5892,5532)  (5845,5436)  (5893,5436)  (5893,5484)  (5795,5435)  (5844,5579)  (5796,5579)  (5749,5531)  (5749,5483)  (5940,5532)  (5940,5580)  (5892,5580)  (5748,5580)  (5843,5388)  (5891,5388)  (5941,5439)  (5747,5435)  (5747,5387)  (5795,5387)  (5701,5532)  (5701,5484)  (5988,5487)  (5988,5535)  (5988,5583)  (5940,5628)  (5700,5584)  (5699,5436)  (5699,5388)  (5699,5340)  (5747,5339)  (5991,5631)  (5653,5536)  (6036,5447)  (6036,5495)  (6036,5543)  (5943,5676)  (5651,5458)  (5651,5410)  (5651,5362)  (5651,5314)  (6039,5591)  (6039,5639)  (5991,5679)  (6047,5687)  (6084,5532)  (5603,5403)  (5603,5355)  (5603,5307)
The Frozen Shore  (371,327)  (323,374)  (323,326)  (418,375)  (371,279)  (419,279)  (419,327)  (321,278)  (370,422)  (322,422)  (275,374)  (275,326)  (466,375)  (466,423)  (418,423)  (274,423)  (369,231)  (417,231)  (465,231)  (467,279)  (467,327)  (273,278)  (273,230)  (321,230)  (513,185)  (370,470)  (322,470)  (227,375)  (227,327)  (514,375)  (514,423)  (514,471)  (466,471)  (418,471)  (274,471)  (226,471)  (226,423)  (369,183)  (417,183)  (465,183)  (515,233)  (515,281)  (225,279)  (225,231)  (225,183)  (273,182)  (321,182)  (513,137)  (561,137)  (370,518)  (322,518)  (179,375)  (179,327)
The Arbor  (197,4992)  (193,5040)  (148,4981)  (243,5016)
Sandstone  (951,4947)  (903,4994)  (903,4946)  (988,4995)  (951,4899)  (999,4899)  (999,4947)  (901,4898)  (940,5042)  (892,5042)  (855,4994)  (855,4946)  (949,4851)  (997,4851)  (1045,4851)  (1047,4899)  (1047,4947)  (844,5053)  (1093,4821)  (1095,4869)  (796,5073)
The Gulf of Grief Sea Zone  (5214,5529)  (5166,5576)  (5166,5528)  (5261,5577)  (5214,5481)  (5262,5481)  (5262,5529)  (5164,5480)  (5213,5624)  (5165,5624)  (5118,5576)  (5118,5528)  (5309,5577)  (5309,5625)  (5261,5625)  (5117,5625)  (5212,5433)  (5260,5433)  (5308,5433)  (5310,5481)  (5310,5529)  (5116,5480)  (5116,5432)  (5164,5432)  (5356,5387)  (5213,5672)  (5165,5672)  (5070,5577)  (5070,5529)  (5357,5577)  (5357,5625)  (5357,5673)  (5309,5673)  (5261,5673)  (5117,5673)  (5069,5673)  (5069,5625)  (5212,5385)  (5260,5385)  (5308,5385)  (5358,5435)  (5358,5483)  (5068,5481)  (5068,5433)  (5068,5385)  (5116,5384)  (5164,5384)  (5356,5339)  (5404,5360)  (5213,5720)  (5165,5720)  (5022,5577)  (5022,5529)
Skyreach  (1048,4689)  (1084,4737)  (1036,4737)  (1096,4663)  (1000,4688)  (1144,4673)  (1192,4672)
Ghaen  (5699,5803)  (5651,5807)  (5746,5778)  (5749,5826)  (5716,5905)  (5640,5929)  (5762,5873)
Gold Coast Sea Zone  (192,3185)  (144,3232)  (144,3184)  (239,3233)  (192,3137)  (240,3137)  (240,3185)  (142,3136)  (191,3280)  (143,3280)  (96,3232)  (96,3184)  (287,3233)  (287,3281)  (239,3281)  (95,3281)  (190,3089)  (238,3089)  (286,3089)  (288,3137)  (288,3185)  (94,3136)  (94,3088)  (142,3088)  (334,3043)  (191,3328)  (143,3328)  (48,3233)  (48,3185)  (335,3233)  (239,3329)  (95,3329)  (47,3329)  (47,3281)  (190,3041)  (238,3041)  (286,3041)  (336,3091)  (336,3139)  (46,3137)  (46,3089)  (46,3041)  (94,3040)  (142,3040)  (382,3043)  (191,3376)  (143,3376)  (0,3233)  (0,3185)
Saltcliffe  (332,2970)
Haystitch Hall  (2001,3895)  (1953,3929)  (1953,3881)  (2048,3943)  (2049,3880)  (1905,3912)  (1905,3864)
The Smoking Sea Zone  (4750,6116)  (4702,6164)  (4702,6116)  (4797,6164)  (4749,6067)  (4796,6066)  (4797,6114)  (4749,6163)  (4700,6065)  (4750,6212)  (4653,6177)  (4651,6126)  (4846,6145)  (4846,6192)  (4798,6212)  (4738,6015)  (4787,6016)  (4603,6104)  (4602,6154)  (4847,6241)  (4553,6123)  (4506,6103)  (4457,6089)  (4714,5966)  (4404,6069)  (4689,5916)  (4350,6049)  (4710,5867)  (4660,5866)  (4300,6034)  (4348,5999)  (4689,5816)  (4298,5984)  (4249,6011)
The Saltspear Sea Zone  (511,2222)  (461,2235)  (558,2191)  (608,2186)  (657,2204)  (705,2206)  (749,2193)  (796,2171)  (844,2162)  (893,2145)
Vaes Athjikhari  (5659,3184)  (5611,3231)  (5611,3183)  (5706,3232)  (5659,3136)  (5707,3136)  (5707,3184)  (5609,3135)  (5658,3279)  (5610,3279)  (5563,3231)  (5563,3183)  (5754,3232)  (5747,3280)  (5562,3280)  (5657,3088)  (5705,3088)  (5753,3088)  (5755,3136)  (5755,3184)  (5561,3135)  (5588,3087)  (5801,3042)  (5693,3327)  (5645,3327)  (5515,3232)  (5515,3184)  (5597,3328)  (5549,3328)  (5514,3280)  (5646,3040)  (5803,3090)  (5803,3138)  (5803,3186)  (5501,3341)  (5808,2994)  (5849,3042)  (5467,3232)  (5467,3184)  (5612,3376)  (5564,3376)  (5466,3293)  (5851,3090)  (5851,3138)  (5464,3136)  (5856,2987)  (5808,2946)  (5897,3035)  (5419,3245)  (5419,3197)  (5899,3083)
Great Wyk  (278,2830)  (285,2878)  (332,2898)  (379,2898)
The Haunted Forest  (1371,304)  (1323,351)  (1323,303)  (1418,352)  (1371,256)  (1419,256)  (1419,304)  (1321,255)  (1370,399)  (1322,399)  (1275,351)  (1275,303)  (1466,352)  (1466,400)  (1418,400)  (1369,208)  (1417,208)  (1465,208)  (1467,256)  (1467,304)  (1273,255)  (1273,207)  (1321,207)  (1227,322)  (1514,371)  (1514,419)  (1466,448)  (1369,160)  (1417,160)  (1465,160)  (1225,274)  (1225,226)  (1225,178)  (1273,159)  (1321,159)  (1533,467)  (1196,130)  (1513,120)  (1369,112)  (1417,112)  (1465,112)  (1177,255)  (1177,207)  (1244,111)  (1292,111)  (1581,432)  (1581,480)  (1148,159)  (1148,111)  (1196,82)  (1594,528)
Lemonwood  (1938,4994)  (1961,5042)  (1986,4994)  (1912,5042)  (1905,4946)  (2035,4998)
Ar Noy  (3731,3891)  (3683,3908)  (3683,3860)  (3778,3939)  (3731,3843)  (3779,3843)  (3779,3891)  (3651,3812)  (3635,3892)  (3826,3953)
Southern Frostfangs  (1120,729)
The Trident  (1381,3091)
Krazaaj Zasqa  (7040,3112)
Snakewood  (1882,2642)  (1834,2675)  (1930,2615)  (1786,2666)  (1978,2597)  (2026,2581)
Vaes Tolorro  (7174,5039)  (7126,5086)  (7126,5038)  (7221,5087)  (7174,4991)  (7222,4991)  (7222,5039)  (7124,4990)  (7135,5134)  (7087,5134)  (7078,5086)  (7078,5038)  (7270,4992)  (7270,5040)  (7076,4990)  (7077,4942)  (7125,4942)  (7030,5121)  (7318,5038)  (7092,4894)
Lhazosh  (6194,4888)  (6146,4935)  (6146,4887)  (6241,4936)  (6194,4840)  (6242,4840)  (6242,4888)  (6144,4839)  (6193,4983)  (6145,4983)  (6098,4935)  (6098,4887)  (6097,4984)  (6192,4792)  (6240,4792)  (6288,4792)  (6290,4840)  (6290,4888)  (6096,4839)  (6096,4791)  (6144,4791)  (6336,4746)  (6174,5031)  (6126,5032)  (6078,5032)  (6192,4744)  (6240,4744)  (6288,4744)  (6338,4794)  (6338,4842)  (6048,4829)  (6105,4743)  (6384,4746)  (6145,5080)  (6097,5080)  (6049,5080)  (6163,4696)  (6386,4794)  (6434,4791)
Cape of Eagles  (949,2700)  (901,2747)  (963,2748)  (905,2652)  (997,2697)  (951,2651)  (806,2792)  (900,2699)  (853,2791)
Faircastle  (351,3327)
Bandallon  (305,4493)  (257,4515)  (257,4467)  (336,4445)  (353,4493)
Winterfell  (1352,1541)  (1304,1588)  (1304,1540)  (1399,1589)  (1352,1493)  (1400,1493)  (1400,1541)  (1302,1492)  (1256,1569)  (1447,1589)  (1447,1637)  (1399,1637)  (1350,1445)  (1448,1468)  (1448,1516)  (1254,1521)  (1222,1473)  (1495,1564)  (1495,1612)  (1495,1660)  (1447,1685)  (1496,1462)  (1496,1510)  (1206,1556)  (1174,1508)  (1543,1558)
Kosrak  (6623,4524)  (6575,4571)  (6575,4523)  (6670,4572)  (6623,4476)  (6671,4476)  (6671,4524)  (6573,4475)  (6622,4619)  (6574,4619)  (6527,4571)  (6527,4523)  (6718,4572)  (6718,4620)  (6670,4620)  (6526,4620)  (6621,4428)  (6669,4428)  (6717,4428)  (6719,4476)  (6719,4524)  (6525,4475)  (6525,4427)  (6573,4427)  (6765,4382)  (6622,4667)  (6574,4667)  (6479,4572)  (6479,4524)  (6766,4621)  (6718,4668)  (6670,4668)  (6526,4668)  (6478,4668)  (6478,4620)  (6621,4380)  (6669,4380)  (6717,4380)  (6767,4430)  (6767,4478)  (6767,4526)  (6767,4669)  (6530,4379)  (6622,4715)  (6574,4715)  (6526,4716)  (6478,4716)  (6578,4332)  (6626,4332)  (6674,4332)  (6722,4332)  (6815,4384)  (6815,4432)  (6815,4480)  (6815,4528)  (6815,4664)
Dragonstone  (2102,3437)
Old Wyk  (360,2845)
Vaes Leisi  (6370,2852)  (6322,2899)  (6322,2851)  (6417,2900)  (6370,2804)  (6418,2804)  (6418,2852)  (6320,2803)  (6369,2947)  (6321,2947)  (6274,2899)  (6274,2851)  (6465,2900)  (6465,2948)  (6417,2948)  (6273,2948)  (6368,2756)  (6416,2756)  (6464,2756)  (6466,2804)  (6466,2852)  (6272,2803)  (6272,2755)  (6320,2755)  (6512,2710)  (6369,2995)  (6321,2995)  (6226,2900)  (6226,2852)  (6513,2900)  (6513,2948)  (6513,2996)  (6465,2996)  (6417,2996)  (6273,2996)  (6225,2995)  (6368,2708)  (6416,2708)  (6464,2708)  (6514,2758)  (6514,2806)  (6224,2804)  (6224,2756)  (6232,2707)  (6280,2707)  (6512,2662)  (6560,2681)  (6369,3043)  (6321,3043)  (6178,2947)  (6178,2899)
Wickenden  (1865,3225)  (1771,3238)  (1913,3215)  (1723,3239)  (1675,3200)  (1969,3185)  (1626,3158)
Rook's Rest  (1837,3374)  (1789,3421)  (1851,3422)  (1885,3331)  (1899,3379)  (1741,3423)  (1741,3374)  (1788,3373)  (1947,3386)
Bone Mountains  (7204,4298)
Lannisport  (515,3568)  (467,3581)  (563,3531)  (563,3579)  (419,3585)  (611,3525)
Horn Hill  (800,4378)  (752,4425)  (752,4377)  (845,4330)  (848,4378)  (704,4421)  (896,4347)  (896,4395)  (944,4350)
Basilisk Point  (5329,7141)  (5281,7188)  (5281,7140)  (5376,7189)  (5329,7093)  (5377,7093)  (5377,7141)  (5279,7092)  (5233,7233)  (5233,7185)  (5424,7189)  (5327,7045)  (5375,7045)  (5423,7045)  (5425,7093)  (5425,7141)  (5231,7137)  (5231,7089)  (5471,6999)  (5185,7233)  (5185,7185)  (5472,7189)  (5346,6997)  (5394,6997)  (5473,7047)  (5473,7095)  (5183,7137)  (5519,6977)  (5137,7233)  (5137,7185)  (5520,7143)  (5520,7191)  (5349,6949)  (5397,6949)  (5521,7025)  (5521,7073)  (5135,7137)  (5130,7089)  (5089,7233)  (5089,7185)  (5568,7121)  (5568,7169)  (5568,7217)  (5569,6981)  (5569,7029)  (5087,7137)  (5052,7089)  (5041,7233)  (5041,7185)  (5616,7082)  (5616,7130)  (5616,7178)  (5616,7226)
Ironoaks  (1965,2930)  (1917,2959)  (2013,2919)
Evenfall Hall  (2212,4111)  (2211,4062)  (2211,4014)
The Paps  (2178,2383)
The Orange Shore  (3309,4882)  (3261,4907)  (3261,4859)  (3309,4834)  (3357,4837)  (3357,4885)  (3213,4907)  (3213,4859)  (3405,4841)  (3405,4889)  (3211,4811)  (3165,4923)  (3165,4875)  (3453,4870)  (3453,4918)  (3163,4827)  (3117,4923)  (3117,4875)  (3501,4893)  (3501,4941)  (3115,4827)  (3548,4989)  (3549,4933)  (3067,4853)  (3596,4986)  (3019,4843)  (2971,4835)  (2923,4814)
North Narrow Sea Zone  (2402,3222)  (2354,3269)  (2354,3221)  (2449,3270)  (2402,3174)  (2450,3174)  (2450,3222)  (2352,3173)  (2401,3317)  (2353,3317)  (2306,3269)  (2306,3221)  (2497,3270)  (2497,3318)  (2449,3318)  (2305,3318)  (2400,3126)  (2448,3126)  (2496,3126)  (2498,3174)  (2498,3222)  (2304,3173)  (2304,3125)  (2352,3125)  (2544,3080)  (2401,3365)  (2353,3365)  (2258,3270)  (2258,3222)  (2545,3270)  (2513,3366)  (2465,3366)  (2305,3366)  (2257,3366)  (2257,3318)  (2400,3078)  (2448,3078)  (2496,3078)  (2546,3128)  (2546,3176)  (2256,3174)  (2256,3126)  (2256,3078)  (2304,3077)  (2352,3077)  (2544,3032)  (2592,3032)  (2592,3080)  (2209,3400)  (2209,3352)  (2400,3030)  (2448,3030)  (2496,3030)  (2594,3128)  (2594,3176)
Sarne Delta Sea Zone  (4791,2342)  (4743,2389)  (4743,2341)  (4838,2390)  (4791,2294)  (4839,2294)  (4839,2342)  (4741,2293)  (4790,2437)  (4742,2437)  (4695,2389)  (4695,2341)  (4886,2390)  (4886,2438)  (4838,2438)  (4694,2438)  (4789,2246)  (4837,2246)  (4885,2246)  (4887,2294)  (4887,2342)  (4693,2293)  (4693,2245)  (4741,2245)  (4933,2200)  (4790,2485)  (4742,2485)  (4647,2390)  (4647,2342)  (4934,2390)  (4934,2438)  (4934,2486)  (4886,2486)  (4838,2486)  (4694,2486)  (4646,2486)  (4646,2438)  (4789,2198)  (4837,2198)  (4885,2198)  (4935,2248)  (4935,2296)  (4645,2294)  (4645,2246)  (4645,2198)  (4693,2197)  (4741,2197)  (4933,2152)  (4981,2152)  (4981,2200)  (4790,2533)  (4742,2533)  (4599,2390)  (4599,2342)
Vaes Khadokh  (4623,3579)  (4575,3626)  (4575,3578)  (4670,3627)  (4623,3531)  (4671,3531)  (4671,3579)  (4573,3530)  (4622,3674)  (4574,3674)  (4527,3626)  (4527,3578)  (4718,3627)  (4718,3675)  (4670,3675)  (4526,3675)  (4621,3483)  (4669,3483)  (4717,3483)  (4719,3531)  (4719,3579)  (4525,3530)  (4525,3482)  (4573,3482)  (4765,3437)  (4622,3722)  (4574,3722)  (4479,3627)  (4479,3579)  (4766,3627)  (4766,3675)  (4766,3723)  (4718,3723)  (4670,3723)  (4526,3723)  (4478,3723)  (4478,3675)  (4621,3435)  (4669,3435)  (4717,3435)  (4767,3485)  (4767,3533)  (4477,3531)  (4477,3483)  (4496,3434)  (4544,3434)  (4813,3405)  (4622,3770)  (4574,3770)  (4814,3581)  (4814,3629)  (4814,3677)
Morosh  (4896,2652)  (4802,2628)  (4844,2700)  (4738,2712)  (4788,2743)  (4766,2792)  (4817,2795)  (4893,2764)  (4876,2830)  (4796,2854)  (4830,2906)  (4899,2708)  (4788,2687)  (4948,2755)  (4893,2588)  (4954,2699)
Craster's Keep  (1497,640)  (1449,674)  (1449,626)  (1497,592)  (1545,592)  (1545,640)  (1593,615)  (1401,652)  (1593,663)
Blackhaven  (1376,4306)  (1328,4344)  (1328,4296)  (1423,4354)  (1376,4258)  (1424,4258)  (1424,4306)  (1317,4248)  (1471,4354)  (1365,4210)  (1472,4245)  (1472,4293)  (1520,4250)  (1520,4298)
Adakhakileki  (7119,4599)  (7071,4646)  (7071,4598)  (7166,4647)  (7119,4551)  (7069,4550)  (7167,4515)  (7118,4694)  (7070,4694)  (7023,4646)  (7023,4598)  (7214,4630)  (7214,4678)  (7166,4695)  (7022,4695)  (7117,4503)  (7215,4503)  (7021,4550)  (7021,4502)  (7069,4502)  (7245,4726)  (7118,4742)  (7070,4742)  (6975,4647)  (6975,4599)  (7262,4662)  (7197,4743)  (7117,4455)  (7263,4500)  (6973,4515)  (6973,4467)  (7021,4454)  (7069,4454)  (7284,4548)  (7293,4710)  (7293,4758)  (7245,4774)  (6938,4419)  (7149,4790)  (7101,4790)  (6927,4659)  (6927,4611)  (7197,4791)  (6986,4406)  (7034,4406)  (7325,4806)  (7277,4822)  (6890,4375)  (6938,4371)  (6879,4620)  (7229,4839)
Selhorys  (3704,4587)  (3656,4634)  (3656,4586)  (3751,4635)  (3704,4539)  (3752,4539)  (3752,4587)  (3654,4538)  (3608,4623)  (3799,4635)  (3799,4683)  (3751,4683)  (3730,4491)  (3778,4491)  (3800,4539)  (3800,4587)  (3606,4575)  (3606,4527)  (3595,4479)  (3847,4635)  (3847,4683)  (3838,4731)  (3790,4731)  (3558,4582)  (3558,4534)  (3547,4486)  (3895,4657)  (3510,4537)  (3502,4438)  (3499,4489)
Longtable  (1069,4090)  (1021,4090)  (1020,4042)  (1068,4042)  (1117,4050)  (1117,4098)  (1165,4068)
Valyria  (4497,5811)  (4449,5858)  (4449,5810)  (4526,5859)  (4497,5763)  (4545,5779)  (4449,5762)  (4478,5906)  (4430,5906)  (4529,5907)  (4497,5715)  (4593,5809)  (4431,5714)  (4545,5677)  (4481,5954)  (4433,5954)  (4567,5955)  (4479,5667)  (4431,5666)  (4534,5629)  (4519,6002)  (4471,6002)
South Crownlands  (1522,3774)  (1474,3797)  (1474,3749)  (1570,3768)  (1614,3816)  (1426,3742)  (1404,3694)  (1662,3786)  (1358,3646)  (1356,3727)  (1710,3778)  (1758,3771)  (1806,3757)  (1854,3750)
Bay of Tusks Sea Zone  (6119,2200)  (6071,2247)  (6071,2199)  (6166,2248)  (6119,2152)  (6167,2152)  (6167,2200)  (6069,2151)  (6118,2295)  (6070,2295)  (6023,2247)  (6023,2199)  (6214,2248)  (6214,2296)  (6166,2296)  (6022,2296)  (6117,2104)  (6165,2104)  (6213,2104)  (6215,2152)  (6215,2200)  (6021,2151)  (6021,2103)  (6069,2103)  (6261,2058)  (6118,2343)  (6070,2343)  (5975,2248)  (5975,2200)  (6262,2248)  (6262,2296)  (6262,2344)  (6214,2344)  (6166,2344)  (6022,2344)  (5974,2344)  (5974,2296)  (6117,2056)  (6165,2056)  (6213,2056)  (6263,2106)  (6263,2154)  (5973,2152)  (5973,2104)  (5973,2056)  (6021,2055)  (6069,2055)  (6261,2010)  (6309,2010)  (6309,2058)  (6118,2391)  (6070,2391)  (5927,2248)  (5927,2200)
The Lonely Hills  (1523,1355)  (1475,1402)  (1475,1354)  (1537,1403)  (1523,1307)  (1571,1307)  (1571,1355)  (1427,1410)  (1619,1321)  (1667,1324)
Vaes Dothrak  (6647,3342)  (6599,3389)  (6599,3341)  (6694,3390)  (6647,3294)  (6695,3294)  (6695,3342)  (6597,3293)  (6646,3437)  (6598,3437)  (6551,3389)  (6551,3341)  (6742,3390)  (6742,3438)  (6694,3438)  (6550,3438)  (6645,3246)  (6693,3246)  (6741,3246)  (6743,3294)  (6743,3342)  (6549,3293)  (6549,3245)  (6597,3245)  (6789,3244)  (6646,3485)  (6598,3485)  (6503,3390)  (6503,3342)  (6790,3390)  (6790,3438)  (6790,3486)  (6742,3486)  (6694,3486)  (6550,3486)  (6502,3486)  (6502,3438)  (6791,3292)  (6791,3340)  (6501,3294)  (6501,3246)  (6501,3198)  (6837,3238)  (6455,3390)  (6455,3342)  (6838,3388)  (6838,3436)  (6838,3484)  (6838,3532)  (6454,3485)  (6839,3286)  (6839,3334)
